-123.37000   48.01700    1.05287
-123.35600   48.06800    1.68906
-123.22800   47.90100    1.12946
-123.22200   47.90000   -1.88200
-123.25800   47.92000    0.90747
-123.29500   47.98700    0.19226
-123.27700   48.02000    1.48549
-123.28100   48.10000   -0.96553
-123.17500   47.85500   -5.02421
-123.23000   47.93100   -2.17180
-123.21300   48.01600   -2.53318
-123.23000   47.99000    0.56011
-123.25300   48.09500   -2.04694
-123.14500   47.83500   -5.52482
-123.14300   47.90700   -1.59874
-123.24500   47.98500   -1.54342
-123.11500   47.97500   -2.66999
