-123.26401   47.82253    3.54436
-123.26401   47.86745    8.13223
-123.19694   47.77762    1.88160
-123.19694   47.82253    2.08527
-123.19694   47.86745    5.85223
-123.19694   47.91236    6.17066
-123.19694   47.95728    6.70568
-123.19694   48.00220    2.26881
-123.12987   48.00220    2.91614
-123.06280   47.77762   -1.97650
-123.06280   47.82253   -1.06121
-123.06280   47.95728   -1.00386
-123.06280   48.00220   -1.14399
-122.99573   47.91236   -0.66385
-122.99573   47.95728   -0.78534
-122.99573   48.00220   -1.87563
-122.92866   47.95728   -2.60403
-122.92866   48.00220    0.24152
-122.92866   48.04711   -0.67256
