-123.26401   47.82253    0.78446
-123.26401   47.86745    5.92985
-123.19694   47.77762   -1.41356
-123.19694   47.82253   -0.70256
-123.19694   47.86745    3.62521
-123.19694   47.91236    4.53422
-123.19694   47.95728    5.69911
-123.19694   48.00220    1.94353
-123.12987   48.00220    2.62964
-123.06280   47.77762   -5.28728
-123.06280   47.82253   -3.84646
-123.06280   47.95728   -1.91829
-123.06280   48.00220   -1.33775
-122.99573   47.91236   -2.12687
-122.99573   47.95728   -1.55976
-122.99573   48.00220   -1.91152
-122.92866   47.95728   -3.13744
-122.92866   48.00220    0.44842
-122.92866   48.04711    0.30286
