-123.42002   48.00568   -1.65307
-123.42002   48.05060   -0.84076
-123.35288   47.96077    0.32797
-123.35288   48.00568    0.77597
-123.35288   48.05060    0.43427
-123.35288   48.09551   -0.99950
-123.28575   47.87093    2.31796
-123.28575   47.91585   -0.84286
-123.28575   47.96077    2.23241
-123.28575   48.00568    0.56897
-123.28575   48.05060    0.42373
-123.28575   48.09551   -1.94172
-123.21862   47.87093   -2.10284
-123.21862   47.96077   -0.55487
-123.21862   48.00568   -2.22541
-123.21862   48.05060   -0.57547
-123.21862   48.09551   -2.92004
-123.15149   47.87093   -0.98032
-123.15149   47.91585    0.36272
-123.15149   47.96077   -0.20741
-123.08435   47.91585   -0.51847
-123.08435   47.96077   -2.32015
-123.01722   47.87093   -2.24071
-123.01722   47.91585   -3.69728
-123.01722   47.96077   -3.51584
-122.95009   47.87093   -4.88744
-122.95009   47.91585   -3.54467
-122.95009   47.96077   -2.33645
-122.81583   47.82602   -9.54516
