-122.83000   48.09000   -1.89109
-122.91000   48.08000    0.83625
-122.97000   47.98000   -0.37786
-123.24000   47.70000  -11.03635
-122.95000   47.77000   -5.48450
-123.19000   47.77000   -9.07715
-122.91000   47.95000   -2.27577
-122.95000   47.96000   -1.43474
-122.64000   47.89000   -3.34726
-123.18000   47.96000   -1.60708
-122.88000   47.98000   -1.71425
-123.35000   48.21000    4.26199
-123.00000   47.94000   -1.28918
-123.02000   47.88000   -1.37477
-123.00000   47.97000   -0.61883
-123.27000   47.94000   -1.15150
-122.93000   47.99000   -1.10696
-123.24000   47.97000    0.05749
-123.19000   48.00000   -0.17435
-123.17000   48.06000   -0.03428
-123.18000   48.03000   -0.55662
-123.40000   47.95000    3.52512
-122.93000   48.02000   -0.57957
-123.30000   47.95000    3.58120
-122.92000   48.06000    0.72054
-123.20000   48.00000   -0.40800
-123.03000   47.93000   -0.81184
-122.95000   48.29000    5.08992
-123.12000   48.14000    2.41706
-123.02000   48.30000   -1.91465
-123.15000   48.12000    2.76732
-123.13000   48.16000    5.51204
-123.16000   48.17000    6.19915
-123.08000   48.14000    2.16325
-122.99000   47.99000   -0.48290
-123.04000   47.87000   -1.47755
-123.02000   47.96000   -0.62412
-123.28000   47.73000  -15.40700
-123.30000   47.93000    1.02746
-122.88000   47.98000   -1.71425
-122.96000   47.97000   -0.50626
-122.89000   47.97000    0.99848
-122.88000   47.98000   -0.61425
-122.89000   48.10000    1.04221
-122.94000   48.00000   -0.79398
