-123.33976   47.97304    1.29486
-123.27267   47.79337   -0.21167
-123.27267   47.83829    1.39372
-123.27267   47.88320    2.82020
-123.27267   47.92812    2.23590
-123.20558   47.74846   -9.29943
-123.20558   47.79337    1.50732
-123.20558   47.83829    1.25893
-123.20558   47.88320    2.00515
-123.20558   47.92812    3.92978
-123.13849   47.88320    1.27098
-123.13849   47.92812    0.29583
-123.07140   47.92812    1.79821
-123.07140   47.97304    1.46828
-123.00431   47.88320   -4.67122
-123.00431   47.92812   -0.77956
-122.93722   47.92812   -4.31627
