-123.33976   47.97304    0.48103
-123.27267   47.79337   -3.28875
-123.27267   47.83829   -1.17147
-123.27267   47.88320    0.83672
-123.27267   47.92812    0.82343
-123.20558   47.74846  -12.92442
-123.20558   47.79337   -1.60634
-123.20558   47.83829   -1.33961
-123.20558   47.88320   -0.00834
-123.20558   47.92812    2.50401
-123.13849   47.88320   -0.75413
-123.13849   47.92812   -1.12449
-123.07140   47.92812    0.43109
-123.07140   47.97304    0.79093
-123.00431   47.88320   -6.56450
-123.00431   47.92812   -2.02919
-122.93722   47.92812   -5.34118
