-123.42002   48.00568   -2.03653
-123.42002   48.05060   -0.58600
-123.35288   47.96077   -0.66854
-123.35288   48.00568    0.41344
-123.35288   48.05060    0.72873
-123.35288   48.09551    0.00719
-123.28575   47.87093    0.18031
-123.28575   47.91585   -2.40690
-123.28575   47.96077    1.27984
-123.28575   48.00568    0.26458
-123.28575   48.05060    0.78901
-123.28575   48.09551   -0.84964
-123.21862   47.87093   -4.28113
-123.21862   47.96077   -1.51718
-123.21862   48.00568   -2.51399
-123.21862   48.05060   -0.15824
-123.21862   48.09551   -1.73789
-123.15149   47.87093   -3.17427
-123.15149   47.91585   -1.23068
-123.15149   47.96077   -1.15318
-123.08435   47.91585   -2.07540
-123.08435   47.96077   -3.21142
-123.01722   47.87093   -4.33307
-123.01722   47.91585   -5.15529
-123.01722   47.96077   -4.28650
-122.95009   47.87093   -6.78868
-122.95009   47.91585   -4.80323
-122.95009   47.96077   -2.89919
-122.81583   47.82602  -11.38589
