-123.37000   48.01700    1.26701
-123.35600   48.06800    1.12257
-123.22800   47.90100    2.91197
-123.22200   47.90000   -0.08561
-123.25800   47.92000    2.43484
-123.29500   47.98700    0.75886
-123.27700   48.02000    1.58368
-123.28100   48.10000   -2.13132
-123.17500   47.85500   -2.62682
-123.23000   47.93100   -0.78431
-123.21300   48.01600   -2.40439
-123.23000   47.99000    1.08160
-123.25300   48.09500   -3.16884
-123.14500   47.83500   -2.86542
-123.14300   47.90700    0.11283
-123.24500   47.98500   -0.94522
-123.11500   47.97500   -1.96977
