-122.83000   48.09000   -4.15571
-122.91000   48.08000   -0.83150
-122.97000   47.98000   -0.06242
-123.24000   47.70000   -6.93248
-122.95000   47.77000   -2.30445
-123.19000   47.77000   -5.69299
-122.91000   47.95000   -1.70668
-122.95000   47.96000   -0.85989
-122.64000   47.89000   -3.58700
-123.18000   47.96000   -0.64437
-122.88000   47.98000   -1.78104
-123.35000   48.21000    1.37140
-123.00000   47.94000   -0.23084
-123.02000   47.88000    0.59337
-123.00000   47.97000   -0.04134
-123.27000   47.94000    0.10140
-122.93000   47.99000   -1.11248
-123.24000   47.97000    0.88477
-123.19000   48.00000    0.17804
-123.17000   48.06000   -0.66496
-123.18000   48.03000   -0.67620
-123.40000   47.95000    4.67822
-122.93000   48.02000   -1.07654
-123.30000   47.95000    4.69445
-122.92000   48.06000   -0.52644
-123.20000   48.00000   -0.04747
-123.03000   47.93000    0.46267
-122.95000   48.29000   -0.38032
-123.12000   48.14000    0.26871
-123.02000   48.30000   -7.30432
-123.15000   48.12000    1.05240
-123.13000   48.16000    2.99711
-123.16000   48.17000    3.55473
-123.08000   48.14000   -0.07566
-122.99000   47.99000   -0.26836
-123.04000   47.87000    0.66262
-123.02000   47.96000    0.16515
-123.28000   47.73000  -11.62465
-123.30000   47.93000    2.41268
-122.88000   47.98000   -1.78104
-122.96000   47.97000   -0.05846
-122.89000   47.97000    1.14896
-122.88000   47.98000   -0.68104
-122.89000   48.10000   -1.07027
-122.94000   48.00000   -0.91882
