-122.83000   48.09000   42.00000
-122.91000   48.08000   43.30000
-122.97000   47.98000   40.50000
-123.24000   47.70000   24.00000
-122.95000   47.77000   35.00000
-123.19000   47.77000   27.00000
-122.91000   47.95000   39.50000
-122.95000   47.96000   39.70000
-122.64000   47.89000   43.00000
-123.18000   47.96000   35.50000
-122.88000   47.98000   40.70000
-123.35000   48.21000   41.00000
-123.00000   47.94000   38.90000
-123.02000   47.88000   38.20000
-123.00000   47.97000   39.70000
-123.27000   47.94000   34.30000
-122.93000   47.99000   40.50000
-123.24000   47.97000   36.20000
-123.19000   48.00000   37.00000
-123.17000   48.06000   37.90000
-123.18000   48.03000   37.00000
-123.40000   47.95000   37.00000
-122.93000   48.02000   41.20000
-123.30000   47.95000   38.60000
-122.92000   48.06000   42.90000
-123.20000   48.00000   36.60000
-123.03000   47.93000   38.80000
-122.95000   48.29000   49.00000
-123.12000   48.14000   41.80000
-123.02000   48.30000   41.00000
-123.15000   48.12000   41.50000
-123.13000   48.16000   44.90000
-123.16000   48.17000   45.20000
-123.08000   48.14000   42.20000
-122.99000   47.99000   40.10000
-123.04000   47.87000   37.70000
-123.02000   47.96000   39.30000
-123.28000   47.73000   19.00000
-123.30000   47.93000   35.92000
-122.88000   47.98000   40.70000
-122.96000   47.97000   40.50000
-122.89000   47.97000   43.20000
-122.88000   47.98000   41.80000
-122.89000   48.10000   44.00000
-122.94000   48.00000   40.70000
