-123.26401   47.82253   35.74926
-123.26401   47.86745   41.08041
-123.19694   47.77762   34.56016
-123.19694   47.82253   35.43658
-123.19694   47.86745   39.94581
-123.19694   47.91236   41.07722
-123.19694   47.95728   42.49709
-123.19694   48.00220   39.01816
-123.12987   48.00220   40.86172
-123.06280   47.77762   33.16434
-123.06280   47.82253   34.74994
-123.06280   47.95728   37.24059
-123.06280   48.00220   38.05635
-122.99573   47.91236   38.01949
-122.99573   47.95728   38.77925
-122.99573   48.00220   38.64337
-122.92866   47.95728   38.35029
-122.92866   48.00220   42.14840
-122.92866   48.04711   42.26119
