-123.33976   47.97304   35.03636
-123.27267   47.79337   31.40335
-123.27267   47.83829   33.70694
-123.27267   47.88320   35.90145
-123.27267   47.92812   36.15617
-123.20558   47.74846   22.82810
-123.20558   47.79337   34.26325
-123.20558   47.83829   34.71200
-123.20558   47.88320   36.22529
-123.20558   47.92812   38.98809
-123.13849   47.88320   36.68302
-123.13849   47.92812   36.54505
-123.07140   47.92812   39.29662
-123.07140   47.97304   39.87510
-123.00431   47.88320   33.30555
-123.00431   47.92812   38.03179
-122.93722   47.92812   35.87715
