-123.37000   48.01700   35.49482
-123.35600   48.06800   36.77714
-123.22800   47.90100   37.06958
-123.22200   47.90000   34.15628
-123.25800   47.92000   36.44280
-123.29500   47.98700   35.52084
-123.27700   48.02000   37.37474
-123.28100   48.10000   35.53881
-123.17500   47.85500   31.64015
-123.23000   47.93100   33.91020
-123.21300   48.01600   34.37587
-123.23000   47.99000   36.99366
-123.25300   48.09500   34.83830
-123.14500   47.83500   31.60913
-123.14300   47.90700   35.87766
-123.24500   47.98500   34.60429
-123.11500   47.97500   35.66057
