-123.42002   48.00568   31.54815
-123.42002   48.05060   33.39968
-123.35288   47.96077   33.60503
-123.35288   48.00568   35.01803
-123.35288   48.05060   35.71534
-123.35288   48.09551   35.39573
-123.28575   47.87093   34.96605
-123.28575   47.91585   32.62490
-123.28575   47.96077   36.59168
-123.28575   48.00568   35.89275
-123.28575   48.05060   36.78619
-123.28575   48.09551   35.53476
-123.21862   47.87093   31.67542
-123.21862   47.96077   34.93296
-123.21862   48.00568   34.22632
-123.21862   48.05060   36.91445
-123.21862   48.09551   35.68358
-123.15149   47.87093   33.98015
-123.15149   47.91585   36.14101
-123.15149   47.96077   36.46074
-123.08435   47.91585   36.49842
-123.08435   47.96077   35.58549
-123.01722   47.87093   35.26231
-123.01722   47.91585   34.62103
-123.01722   47.96077   35.68984
-122.95009   47.87093   33.98689
-122.95009   47.91585   36.14334
-122.95009   47.96077   38.23725
-122.81583   47.82602   31.56048
