-123.37000   48.01700   -1.08846
-123.35600   48.06800   -1.80649
-123.22800   47.90100   -2.11265
-123.22200   47.90000    0.85578
-123.25800   47.92000   -1.64717
-123.29500   47.98700   -0.56828
-123.27700   48.02000   -1.96273
-123.28100   48.10000    0.48446
-123.17500   47.85500    3.50018
-123.23000   47.93100    1.27068
-123.21300   48.01600    1.67866
-123.23000   47.99000   -1.33086
-123.25300   48.09500    1.43953
-123.14500   47.83500    3.68433
-123.14300   47.90700    0.02502
-123.24500   47.98500    0.85943
-123.11500   47.97500    1.09294
