-123.33976   47.97304   -0.12776
-123.27267   47.79337   -0.12431
-123.27267   47.83829   -1.30025
-123.27267   47.88320   -2.36709
-123.27267   47.92812   -1.49417
-123.20558   47.74846    8.20435
-123.20558   47.79337   -2.10314
-123.20558   47.83829   -1.42424
-123.20558   47.88320   -1.80987
-123.20558   47.92812   -3.44502
-123.13849   47.88320   -1.38655
-123.13849   47.92812   -0.12092
-123.07140   47.92812   -1.99144
-123.07140   47.97304   -1.44226
-123.00431   47.88320    3.75305
-123.00431   47.92812    0.15446
-122.93722   47.92812    3.19015
