-123.42002   48.00568    3.12611
-123.42002   48.05060    2.40224
-123.35288   47.96077    0.82320
-123.35288   48.00568    0.53786
-123.35288   48.05060    0.96820
-123.35288   48.09551    2.41546
-123.28575   47.87093   -1.91150
-123.28575   47.91585    1.55730
-123.28575   47.96077   -1.28183
-123.28575   48.00568    0.54475
-123.28575   48.05060    0.77896
-123.28575   48.09551    3.15804
-123.21862   47.87093    2.26075
-123.21862   47.96077    1.25851
-123.21862   48.00568    3.09281
-123.21862   48.05060    1.53232
-123.21862   48.09551    3.89084
-123.15149   47.87093    0.83763
-123.15149   47.91585   -0.19558
-123.15149   47.96077    0.61235
-123.08435   47.91585    0.32863
-123.08435   47.96077    2.36922
-123.01722   47.87093    1.31871
-123.01722   47.91585    3.08764
-123.01722   47.96077    3.14648
-122.95009   47.87093    3.47574
-122.95009   47.91585    2.44695
-122.95009   47.96077    1.48069
-122.81583   47.82602    6.53774
