-123.37000   48.01700   -1.08846
-123.35600   48.06800   -1.80649
-123.22800   47.90100   -2.11265
-123.22200   47.90000    0.85578
-123.25800   47.92000   -1.64717
-123.29500   47.98700   -0.56828
-123.27700   48.02000   -1.96273
-123.28100   48.10000    0.48446
-123.17500   47.85500    3.50018
-123.23000   47.93100    1.27068
-123.21300   48.01600    1.67866
-123.23000   47.99000   -1.33086
-123.25300   48.09500    1.43953
-123.14500   47.83500    3.68433
-123.14300   47.90700    0.02502
-123.24500   47.98500    0.85943
-123.11500   47.97500    1.09294
-123.21400   47.82100   -3.76757
-123.16600   47.88200  -10.79594
-123.06500   47.72800    7.89935
-123.09300   47.98700    0.85892
-123.04300   47.98400   -0.47901
-122.93000   47.99000   -4.56205
-123.25000   48.00800    2.66745
-123.29300   48.10000   -1.77401
-123.19300   48.23700   -3.55436
-123.28000   48.16200    3.26766
-123.09700   48.20500   -0.40719
-123.10000   48.24000    5.21163
-123.47500   48.05500    3.62018
-123.41900   48.07000    0.61583
-123.17000   47.86800   -0.57651
-123.17800   47.85500   -0.94943
-123.23700   47.88300   -1.89121
-123.14000   47.80000    0.58704
-123.14500   47.82000    1.22284
-123.16000   47.87000   -0.63957
-123.23500   47.89500   -2.67492
-123.11500   47.82500    1.74649
