-123.42002   48.00568    3.12611
-123.42002   48.05060    2.40224
-123.35288   47.96077    0.82320
-123.35288   48.00568    0.53786
-123.35288   48.05060    0.96820
-123.35288   48.09551    2.41546
-123.28575   47.87093   -1.91150
-123.28575   47.91585    1.55730
-123.28575   47.96077   -1.28183
-123.28575   48.00568    0.54475
-123.28575   48.05060    0.77896
-123.28575   48.09551    3.15804
-123.21862   47.87093    2.26075
-123.21862   47.96077    1.25851
-123.21862   48.00568    3.09281
-123.21862   48.05060    1.53232
-123.21862   48.09551    3.89084
-123.15149   47.87093    0.83763
-123.15149   47.91585   -0.19558
-123.15149   47.96077    0.61235
-123.08435   47.91585    0.32863
-123.08435   47.96077    2.36922
-123.01722   47.87093    1.31871
-123.01722   47.91585    3.08764
-123.01722   47.96077    3.14648
-122.95009   47.87093    3.47574
-122.95009   47.91585    2.44695
-122.95009   47.96077    1.48069
-122.81583   47.82602    6.53774
-123.26401   47.82253   -3.62431
-123.26401   47.86745   -7.82781
-123.19694   47.77762   -2.68207
-123.19694   47.82253   -2.43084
-123.19694   47.86745   -5.81242
-123.19694   47.91236   -5.81617
-123.19694   47.95728   -6.10840
-123.19694   48.00220   -1.50181
-123.12987   48.00220   -2.46457
-123.06280   47.77762    0.47533
-123.06280   47.82253    0.01739
-123.06280   47.95728    0.90969
-123.06280   48.00220    1.22158
-122.99573   47.91236   -0.11607
-122.99573   47.95728    0.25183
-122.99573   48.00220    1.51535
-122.92866   47.95728    1.56158
-122.92866   48.00220   -1.10888
-122.92866   48.04711   -0.09402
-123.31312   48.05084    0.78988
-123.24599   48.05084    1.66385
-123.24599   48.09576    1.82382
-123.24599   48.18559   -5.77695
-123.24599   48.23051   -1.42445
-123.17885   48.09576    5.01423
-123.17885   48.14068   -5.92184
-123.17885   48.18559   -0.22137
-122.91146   48.02202   -9.17014
-122.91146   48.06693   -6.35719
-123.53161   48.05494    4.92968
-123.46442   48.05494    1.51984
-123.33976   47.97304   -0.12776
-123.27267   47.79337   -0.12431
-123.27267   47.83829   -1.30025
-123.27267   47.88320   -2.36709
-123.27267   47.92812   -1.49417
-123.20558   47.74846    8.20435
-123.20558   47.79337   -2.10314
-123.20558   47.83829   -1.42424
-123.20558   47.88320   -1.80987
-123.20558   47.92812   -3.44502
-123.13849   47.88320   -1.38655
-123.13849   47.92812   -0.12092
-123.07140   47.92812   -1.99144
-123.07140   47.97304   -1.44226
-123.00431   47.88320    3.75305
-123.00431   47.92812    0.15446
-122.93722   47.92812    3.19015
