-123.26401   47.82253   -3.62431
-123.26401   47.86745   -7.82781
-123.19694   47.77762   -2.68207
-123.19694   47.82253   -2.43084
-123.19694   47.86745   -5.81242
-123.19694   47.91236   -5.81617
-123.19694   47.95728   -6.10840
-123.19694   48.00220   -1.50181
-123.12987   48.00220   -2.46457
-123.06280   47.77762    0.47533
-123.06280   47.82253    0.01739
-123.06280   47.95728    0.90969
-123.06280   48.00220    1.22158
-122.99573   47.91236   -0.11607
-122.99573   47.95728    0.25183
-122.99573   48.00220    1.51535
-122.92866   47.95728    1.56158
-122.92866   48.00220   -1.10888
-122.92866   48.04711   -0.09402
