-123.37000   48.01700   34.40637
-123.35600   48.06800   34.97065
-123.22800   47.90100   34.95693
-123.22200   47.90000   35.01206
-123.25800   47.92000   34.79563
-123.29500   47.98700   34.95256
-123.27700   48.02000   35.41201
-123.28100   48.10000   36.02327
-123.17500   47.85500   35.14033
-123.23000   47.93100   35.18088
-123.21300   48.01600   36.05453
-123.23000   47.99000   35.66280
-123.25300   48.09500   36.27783
-123.14500   47.83500   35.29346
-123.14300   47.90700   35.90268
-123.24500   47.98500   35.46372
-123.11500   47.97500   36.75351
-123.21400   47.82100   34.45116
-123.16600   47.88200   35.45582
-123.06500   47.72800   35.26344
-123.09300   47.98700   37.08363
-123.04300   47.98400   37.58662
-122.93000   47.99000   38.82776
-123.25000   48.00800   35.59884
-123.29300   48.10000   35.89667
-123.19300   48.23700   38.07071
-123.28000   48.16200   36.54026
-123.09700   48.20500   38.82212
-123.10000   48.24000   39.07636
-123.47500   48.05500   33.60903
-123.41900   48.07000   34.32234
-123.17000   47.86800   35.29927
-123.17800   47.85500   35.10868
-123.23700   47.88300   34.71495
-123.14000   47.80000   35.06032
-123.14500   47.82000   35.17094
-123.16000   47.87000   35.42110
-123.23500   47.89500   34.83407
-123.11500   47.82500   35.52827
