-123.26401   47.82253   32.12495
-123.26401   47.86745   33.25260
-123.19694   47.77762   31.87809
-123.19694   47.82253   33.00574
-123.19694   47.86745   34.13339
-123.19694   47.91236   35.26105
-123.19694   47.95728   36.38870
-123.19694   48.00220   37.51635
-123.12987   48.00220   38.39714
-123.06280   47.77762   33.63967
-123.06280   47.82253   34.76732
-123.06280   47.95728   38.15028
-123.06280   48.00220   39.27793
-122.99573   47.91236   37.90342
-122.99573   47.95728   39.03107
-122.99573   48.00220   40.15873
-122.92866   47.95728   39.91187
-122.92866   48.00220   41.03952
-122.92866   48.04711   42.16717
