-123.42002   48.00568   34.67427
-123.42002   48.05060   35.80192
-123.35288   47.96077   34.42823
-123.35288   48.00568   35.55589
-123.35288   48.05060   36.68354
-123.35288   48.09551   37.81119
-123.28575   47.87093   33.05455
-123.28575   47.91585   34.18220
-123.28575   47.96077   35.30985
-123.28575   48.00568   36.43750
-123.28575   48.05060   37.56516
-123.28575   48.09551   38.69281
-123.21862   47.87093   33.93616
-123.21862   47.96077   36.19147
-123.21862   48.00568   37.31912
-123.21862   48.05060   38.44677
-123.21862   48.09551   39.57443
-123.15149   47.87093   34.81778
-123.15149   47.91585   35.94544
-123.15149   47.96077   37.07309
-123.08435   47.91585   36.82705
-123.08435   47.96077   37.95471
-123.01722   47.87093   36.58102
-123.01722   47.91585   37.70867
-123.01722   47.96077   38.83632
-122.95009   47.87093   37.46264
-122.95009   47.91585   38.59029
-122.95009   47.96077   39.71794
-122.81583   47.82602   38.09822
-123.26401   47.82253   32.12495
-123.26401   47.86745   33.25260
-123.19694   47.77762   31.87809
-123.19694   47.82253   33.00574
-123.19694   47.86745   34.13339
-123.19694   47.91236   35.26105
-123.19694   47.95728   36.38870
-123.19694   48.00220   37.51635
-123.12987   48.00220   38.39714
-123.06280   47.77762   33.63967
-123.06280   47.82253   34.76732
-123.06280   47.95728   38.15028
-123.06280   48.00220   39.27793
-122.99573   47.91236   37.90342
-122.99573   47.95728   39.03107
-122.99573   48.00220   40.15873
-122.92866   47.95728   39.91187
-122.92866   48.00220   41.03952
-122.92866   48.04711   42.16717
-123.31312   48.05084   37.21192
-123.24599   48.05084   38.09354
-123.24599   48.09576   39.22119
-123.24599   48.18559   41.47650
-123.24599   48.23051   42.60415
-123.17885   48.09576   40.10281
-123.17885   48.14068   41.23047
-123.17885   48.18559   42.35812
-122.91146   48.02202   41.76310
-122.91146   48.06693   42.89076
-123.53161   48.05494   34.44534
-123.46442   48.05494   35.32780
-123.33976   47.97304   34.90860
-123.27267   47.79337   31.27905
-123.27267   47.83829   32.40670
-123.27267   47.88320   33.53435
-123.27267   47.92812   34.66200
-123.20558   47.74846   31.03245
-123.20558   47.79337   32.16011
-123.20558   47.83829   33.28776
-123.20558   47.88320   34.41541
-123.20558   47.92812   35.54306
-123.13849   47.88320   35.29647
-123.13849   47.92812   36.42413
-123.07140   47.92812   37.30519
-123.07140   47.97304   38.43284
-123.00431   47.88320   37.05859
-123.00431   47.92812   38.18625
-122.93722   47.92812   39.06731
