-123.37000   48.01700   34.40637
-123.35600   48.06800   34.97065
-123.22800   47.90100   34.95693
-123.22200   47.90000   35.01206
-123.25800   47.92000   34.79563
-123.29500   47.98700   34.95256
-123.27700   48.02000   35.41201
-123.28100   48.10000   36.02327
-123.17500   47.85500   35.14033
-123.23000   47.93100   35.18088
-123.21300   48.01600   36.05453
-123.23000   47.99000   35.66280
-123.25300   48.09500   36.27783
-123.14500   47.83500   35.29346
-123.14300   47.90700   35.90268
-123.24500   47.98500   35.46372
-123.11500   47.97500   36.75351
