-123.42002   48.00568   34.67427
-123.42002   48.05060   35.80192
-123.35288   47.96077   34.42823
-123.35288   48.00568   35.55589
-123.35288   48.05060   36.68354
-123.35288   48.09551   37.81119
-123.28575   47.87093   33.05455
-123.28575   47.91585   34.18220
-123.28575   47.96077   35.30985
-123.28575   48.00568   36.43750
-123.28575   48.05060   37.56516
-123.28575   48.09551   38.69281
-123.21862   47.87093   33.93616
-123.21862   47.96077   36.19147
-123.21862   48.00568   37.31912
-123.21862   48.05060   38.44677
-123.21862   48.09551   39.57443
-123.15149   47.87093   34.81778
-123.15149   47.91585   35.94544
-123.15149   47.96077   37.07309
-123.08435   47.91585   36.82705
-123.08435   47.96077   37.95471
-123.01722   47.87093   36.58102
-123.01722   47.91585   37.70867
-123.01722   47.96077   38.83632
-122.95009   47.87093   37.46264
-122.95009   47.91585   38.59029
-122.95009   47.96077   39.71794
-122.81583   47.82602   38.09822
