-123.33976   47.97304   34.90860
-123.27267   47.79337   31.27905
-123.27267   47.83829   32.40670
-123.27267   47.88320   33.53435
-123.27267   47.92812   34.66200
-123.20558   47.74846   31.03245
-123.20558   47.79337   32.16011
-123.20558   47.83829   33.28776
-123.20558   47.88320   34.41541
-123.20558   47.92812   35.54306
-123.13849   47.88320   35.29647
-123.13849   47.92812   36.42413
-123.07140   47.92812   37.30519
-123.07140   47.97304   38.43284
-123.00431   47.88320   37.05859
-123.00431   47.92812   38.18625
-122.93722   47.92812   39.06731
