-1.236500000000000057e+02 -2.595134001530558976e+01
-1.235999999999999943e+02 -2.680483612516235326e+01
-1.235499999999999972e+02 -2.767279375493030358e+01
-1.235000000000000000e+02 -2.855756348463689420e+01
-1.234500000000000028e+02 -2.946148522011473148e+01
-1.234000000000000057e+02 -3.038688698283709755e+01
-1.233499999999999943e+02 -3.133608365162318421e+01
-1.232999999999999972e+02 -3.231137565621406083e+01
-1.232500000000000000e+02 -3.331504762272092535e+01
-1.232000000000000028e+02 -3.434936697094350677e+01
-1.231500000000000057e+02 -3.541658246355951434e+01
-1.230999999999999943e+02 -3.651892270718483502e+01
-1.230499999999999972e+02 -3.765859460530486302e+01
-1.230000000000000000e+02 -3.883778176307803420e+01
-1.229500000000000028e+02 -4.005864284400847453e+01
-1.229000000000000057e+02 -4.132330987849016424e+01
-1.228499999999999943e+02 -4.263388652422356273e+01
-1.227999999999999972e+02 -4.399244627850045219e+01
