-1.236500000000000057e+02 -2.761881765569885516e+01
-1.235999999999999943e+02 -2.850492507423621191e+01
-1.235499999999999972e+02 -2.940585858731436986e+01
-1.235000000000000000e+02 -3.032394230442039174e+01
-1.234500000000000028e+02 -3.126148444421226458e+01
-1.234000000000000057e+02 -3.222077588370807177e+01
-1.233499999999999943e+02 -3.320408865934753351e+01
-1.232999999999999972e+02 -3.421367441992224201e+01
-1.232500000000000000e+02 -3.525176283137897570e+01
-1.232000000000000028e+02 -3.632055993349315060e+01
-1.231500000000000057e+02 -3.742224644841298442e+01
-1.230999999999999943e+02 -3.855897604107546073e+01
-1.230499999999999972e+02 -3.973287353149112988e+01
-1.230000000000000000e+02 -4.094603305890402112e+01
-1.229500000000000028e+02 -4.220051619781845176e+01
-1.229000000000000057e+02 -4.349835002589902189e+01
-1.228499999999999943e+02 -4.484152514374061838e+01
-1.227999999999999972e+02 -4.623199364650968590e+01
