-1.236500000000000057e+02 -2.963549966635944344e+01
-1.235999999999999943e+02 -3.055600810911445819e+01
-1.235499999999999972e+02 -3.149175611130848296e+01
-1.235000000000000000e+02 -3.244502761631006393e+01
-1.234500000000000028e+02 -3.341808449744348053e+01
-1.234000000000000057e+02 -3.441316486653372664e+01
-1.233499999999999943e+02 -3.543248133432163627e+01
-1.232999999999999972e+02 -3.647821922275023354e+01
-1.232500000000000000e+02 -3.755253472912319523e+01
-1.232000000000000028e+02 -3.865755304213175236e+01
-1.231500000000000057e+02 -3.979536640975544515e+01
-1.230999999999999943e+02 -4.096803215903211992e+01
-1.230499999999999972e+02 -4.217757066769849672e+01
-1.230000000000000000e+02 -4.342596328770363812e+01
-1.229500000000000028e+02 -4.471515022059216449e+01
-1.229000000000000057e+02 -4.604702834475857998e+01
-1.228499999999999943e+02 -4.742344899457213359e+01
-1.227999999999999972e+02 -4.884621569137333097e+01
