-123.37000  -35.49482    2.63541
-123.35600  -36.77714   12.42857
-123.22800  -37.06958    6.75162
-123.22200  -34.15628    9.01631
-123.25800  -36.44280    8.59328
-123.29500  -35.52084    3.72646
-123.27700  -37.37474    4.72365
-123.28100  -35.53881    2.97633
-123.17500  -31.64015    4.01467
-123.23000  -33.91020    7.94174
-123.21300  -34.37587    9.75006
-123.23000  -36.99366    4.15162
-123.25300  -34.83830    2.91667
-123.14500  -31.60913   11.99675
-123.14300  -35.87766    5.61246
-123.24500  -34.60429    9.38268
-123.11500  -35.66057    9.47196
