-123.26401  -35.74926    7.12573
-123.26401  -41.08041   13.41374
-123.19694  -34.56016    4.66086
-123.19694  -35.43658    5.58447
-123.19694  -39.94581    7.33912
-123.19694  -41.07722    5.58482
-123.19694  -42.49709    3.91940
-123.19694  -39.01816    6.53939
-123.12987  -40.86172    5.28611
-123.06280  -33.16434    9.32196
-123.06280  -34.74994    5.15738
-123.06280  -37.24059    4.96383
-123.06280  -38.05635    5.29178
-122.99573  -38.01949    4.87525
-122.99573  -38.77925    5.36051
-122.99573  -38.64337    6.58458
-122.92866  -38.35029    7.33488
-122.92866  -42.14840    4.94604
-122.92866  -42.26119    4.60916
