-123.42002  -31.54815    4.42775
-123.42002  -33.39968   17.77282
-123.35288  -33.60503    4.98659
-123.35288  -35.01803    3.03951
-123.35288  -35.71534    2.75069
-123.35288  -35.39573    2.07587
-123.28575  -34.96605   10.63116
-123.28575  -32.62490   14.04401
-123.28575  -36.59168    8.28896
-123.28575  -35.89275    3.71117
-123.28575  -36.78619    4.74427
-123.28575  -35.53476    2.97654
-123.21862  -31.67542    3.98716
-123.21862  -34.93296    7.82649
-123.21862  -34.22632    9.76882
-123.21862  -36.91445    4.15240
-123.21862  -35.68358    2.89605
-123.15149  -33.98015    8.78241
-123.15149  -36.14101    5.60529
-123.15149  -36.46074    9.15173
-123.08435  -36.49842    4.59357
-123.08435  -35.58549    9.47933
-123.01722  -35.26231    8.28896
-123.01722  -34.62103    6.49377
-123.01722  -35.68984    8.06118
-122.95009  -33.98689    2.92410
-122.95009  -36.14334    2.33887
-122.95009  -38.23725    7.16079
-122.81583  -31.56048    5.11033
