-122.83000  -42.00000    3.30635
-122.91000  -43.30000    3.94629
-122.97000  -40.50000   -5.43948
-122.91000  -39.50000   -9.91905
-122.95000  -39.70000   -7.99923
-123.18000  -35.50000   -3.09304
-122.88000  -40.70000   -7.35929
-123.00000  -38.90000   -9.06580
-123.00000  -39.70000   -5.86610
-123.27000  -34.30000   -3.30635
-122.93000  -40.50000   -5.22617
-123.24000  -36.20000   -0.74660
-123.19000  -37.00000    1.38653
-123.17000  -37.90000    7.35929
-123.18000  -37.00000    4.37291
-123.40000  -37.00000    0.53328
-122.93000  -41.20000   -2.02647
-123.30000  -38.60000   -1.59985
-122.92000  -42.90000    2.02647
-123.20000  -36.60000    1.59985
-123.03000  -38.80000   -9.49242
-122.99000  -40.10000   -3.94629
-123.02000  -39.30000   -6.50604
-123.30000  -35.92000   -3.73298
-122.88000  -40.70000   -7.35929
-122.96000  -40.50000   -6.71936
-122.89000  -43.20000   -8.21255
-122.88000  -41.80000   -7.35929
-122.89000  -44.00000    5.65279
-122.94000  -40.70000   -3.94629
