-123.26401  -35.74926    0.01524
-123.26401  -41.08041    0.00807
-123.19694  -34.56016    0.00822
-123.19694  -35.43658    0.01524
-123.19694  -39.94581    0.01305
-123.19694  -41.07722    0.01041
-123.19694  -42.49709    0.01292
-123.19694  -39.01816    0.00852
-123.12987  -40.86172    0.00876
-123.06280  -33.16434    0.00866
-123.06280  -34.74994    0.00817
-123.06280  -37.24059    0.01198
-123.06280  -38.05635    0.00872
-122.99573  -38.01949    0.02049
-122.99573  -38.77925    0.01518
-122.99573  -38.64337    0.01018
-122.92866  -38.35029    0.01523
-122.92866  -42.14840    0.01069
-122.92866  -42.26119    0.00881
