-123.28575  -34.96605    0.32894
-123.28575  -32.62490    5.12030
-123.28575  -36.59168    9.91165
-123.21862  -31.67542   -1.10330
-123.21862  -34.93296    8.47941
-123.15149  -33.98015   -2.53554
-123.15149  -36.14101    2.25581
-123.15149  -36.46074    7.04716
-123.08435  -36.49842    0.82357
-123.08435  -35.58549    5.61492
-123.01722  -35.26231   -5.40002
-123.01722  -34.62103   -0.60867
-123.01722  -35.68984    4.18268
-122.95009  -33.98689   -6.83226
-122.95009  -36.14334   -2.04091
-122.95009  -38.23725    2.75044
