-123.33976  -35.03636    0.00666
-123.27267  -31.40335    0.02283
-123.27267  -33.70694    0.02007
-123.27267  -35.90145    0.01469
-123.27267  -36.15617    0.01077
-123.20558  -22.82810    0.00630
-123.20558  -34.26325    0.00845
-123.20558  -34.71200    0.01224
-123.20558  -36.22529    0.01752
-123.20558  -38.98809    0.00764
-123.13849  -36.68302    0.00860
-123.13849  -36.54505    0.00579
-123.07140  -39.29662    0.00933
-123.07140  -39.87510    0.00729
-123.00431  -33.30555    0.00614
-123.00431  -38.03179    0.01260
-122.93722  -35.87715    0.00783
