-123.37000  -35.49482    0.03642
-123.35600  -36.77714    0.01263
-123.22800  -37.06958    0.00883
-123.22200  -34.15628    0.01206
-123.25800  -36.44280    0.01547
-123.29500  -35.52084    0.02593
-123.27700  -37.37474    0.02339
-123.28100  -35.53881    0.03984
-123.17500  -31.64015    0.01474
-123.23000  -33.91020    0.00960
-123.21300  -34.37587    0.00951
-123.23000  -36.99366    0.02095
-123.25300  -34.83830    0.01099
-123.14500  -31.60913    0.00705
-123.14300  -35.87766    0.00739
-123.24500  -34.60429    0.00796
-123.11500  -35.66057    0.00888
