-123.42002  -31.54815    0.03642
-123.42002  -33.39968    0.01263
-123.35288  -33.60503    0.01613
-123.35288  -35.01803    0.05228
-123.35288  -35.71534    0.03497
-123.35288  -35.39573    0.01639
-123.28575  -34.96605    0.00883
-123.28575  -32.62490    0.01206
-123.28575  -36.59168    0.01547
-123.28575  -35.89275    0.02593
-123.28575  -36.78619    0.02339
-123.28575  -35.53476    0.03984
-123.21862  -31.67542    0.01474
-123.21862  -34.93296    0.00960
-123.21862  -34.22632    0.00951
-123.21862  -36.91445    0.02095
-123.21862  -35.68358    0.01099
-123.15149  -33.98015    0.00705
-123.15149  -36.14101    0.00739
-123.15149  -36.46074    0.00796
-123.08435  -36.49842    0.01075
-123.08435  -35.58549    0.00888
-123.01722  -35.26231    0.01221
-123.01722  -34.62103    0.02499
-123.01722  -35.68984    0.01116
-122.95009  -33.98689    0.01878
-122.95009  -36.14334    0.02903
-122.95009  -38.23725    0.01812
-122.81583  -31.56048    0.02011
