-122.97000  -40.50000    5.22699
-122.91000  -39.50000    0.74671
-122.95000  -39.70000    2.66683
-123.18000  -35.50000    7.57381
-122.88000  -40.70000    3.30687
-123.00000  -38.90000    1.60010
-123.02000  -38.20000   -4.37361
-123.00000  -39.70000    4.80030
-123.27000  -34.30000    7.36046
-122.93000  -40.50000    5.44034
-123.24000  -36.20000    9.92062
-122.93000  -41.20000    8.64054
-123.30000  -38.60000    9.06723
-123.03000  -38.80000    1.17341
-122.99000  -40.10000    6.72042
-123.04000  -37.70000   -5.01365
-123.02000  -39.30000    4.16026
-123.30000  -35.92000    6.93377
-122.88000  -40.70000    3.30687
-122.96000  -40.50000    3.94691
-122.89000  -43.20000    2.45349
-122.88000  -41.80000    3.30687
-122.94000  -40.70000    6.72042
