-123.33976  -35.03636    5.69271
-123.27267  -31.40335    6.94164
-123.27267  -33.70694    5.45808
-123.27267  -35.90145    2.31215
-123.27267  -36.15617    2.69405
-123.20558  -22.82810    6.19027
-123.20558  -34.26325    7.04781
-123.20558  -34.71200    2.91725
-123.20558  -36.22529    2.69405
-123.20558  -38.98809    5.76132
-123.13849  -36.68302    2.66438
-123.13849  -36.54505    3.47334
-123.07140  -39.29662   10.35924
-123.07140  -39.87510    4.75228
-123.00431  -33.30555    3.80876
-123.00431  -38.03179    5.65659
-122.93722  -35.87715    3.31792
