-123.42002  -31.54815    6.89906
-123.35288  -33.60503    0.67645
-123.35288  -35.01803    5.46704
-123.28575  -32.62490   -5.54616
-123.28575  -36.59168   -0.75557
-123.28575  -35.89275    4.03503
-123.28575  -36.78619    8.82562
-123.21862  -34.93296   -2.18758
-123.21862  -34.22632    2.60301
-123.21862  -36.91445    7.39361
-123.15149  -36.14101   -8.41019
-123.15149  -36.46074   -3.61960
-123.08435  -36.49842   -9.84220
-123.08435  -35.58549   -5.05161
-123.01722  -35.68984   -6.48363
-122.95009  -38.23725   -7.91564
