-123.42002   48.00568    4.42775
-123.42002   48.05060   17.77282
-123.35288   47.96077    4.98659
-123.35288   48.00568    3.03951
-123.35288   48.05060    2.75069
-123.35288   48.09551    2.07587
-123.28575   47.87093   10.63116
-123.28575   47.91585   14.04401
-123.28575   47.96077    8.28896
-123.28575   48.00568    3.71117
-123.28575   48.05060    4.74427
-123.28575   48.09551    2.97654
-123.21862   47.87093    3.98716
-123.21862   47.96077    7.82649
-123.21862   48.00568    9.76882
-123.21862   48.05060    4.15240
-123.21862   48.09551    2.89605
-123.15149   47.87093    8.78241
-123.15149   47.91585    5.60529
-123.15149   47.96077    9.15173
-123.08435   47.91585    4.59357
-123.08435   47.96077    9.47933
-123.01722   47.87093    8.28896
-123.01722   47.91585    6.49377
-123.01722   47.96077    8.06118
-122.95009   47.87093    2.92410
-122.95009   47.91585    2.33887
-122.95009   47.96077    7.16079
-122.81583   47.82602    5.11033
