-123.37000   48.01700    2.63541
-123.35600   48.06800   12.42857
-123.22800   47.90100    6.75162
-123.22200   47.90000    9.01631
-123.25800   47.92000    8.59328
-123.29500   47.98700    3.72646
-123.27700   48.02000    4.72365
-123.28100   48.10000    2.97633
-123.17500   47.85500    4.01467
-123.23000   47.93100    7.94174
-123.21300   48.01600    9.75006
-123.23000   47.99000    4.15162
-123.25300   48.09500    2.91667
-123.14500   47.83500   11.99675
-123.14300   47.90700    5.61246
-123.24500   47.98500    9.38268
-123.11500   47.97500    9.47196
