-123.33976   47.97304    5.69271
-123.27267   47.79337    6.94164
-123.27267   47.83829    5.45808
-123.27267   47.88320    2.31215
-123.27267   47.92812    2.69405
-123.20558   47.74846    6.19027
-123.20558   47.79337    7.04781
-123.20558   47.83829    2.91725
-123.20558   47.88320    2.69405
-123.20558   47.92812    5.76132
-123.13849   47.88320    2.66438
-123.13849   47.92812    3.47334
-123.07140   47.92812   10.35924
-123.07140   47.97304    4.75228
-123.00431   47.88320    3.80876
-123.00431   47.92812    5.65659
-122.93722   47.92812    3.31792
