-123.26401   47.82253    7.12573
-123.26401   47.86745   13.41374
-123.19694   47.77762    4.66086
-123.19694   47.82253    5.58447
-123.19694   47.86745    7.33912
-123.19694   47.91236    5.58482
-123.19694   47.95728    3.91940
-123.19694   48.00220    6.53939
-123.12987   48.00220    5.28611
-123.06280   47.77762    9.32196
-123.06280   47.82253    5.15738
-123.06280   47.95728    4.96383
-123.06280   48.00220    5.29178
-122.99573   47.91236    4.87525
-122.99573   47.95728    5.36051
-122.99573   48.00220    6.58458
-122.92866   47.95728    7.33488
-122.92866   48.00220    4.94604
-122.92866   48.04711    4.60916
