-123.42002   48.00568    2.45679
-123.42002   48.05060    8.19951
-123.35288   47.96077    3.58836
-123.35288   48.00568    0.75299
-123.35288   48.05060    1.22469
-123.35288   48.09551    1.22190
-123.28575   47.87093    3.63319
-123.28575   47.91585    6.48089
-123.28575   47.96077    3.44677
-123.28575   48.00568    1.35382
-123.28575   48.05060    2.03911
-123.28575   48.09551    0.75408
-123.21862   47.87093    3.57604
-123.21862   47.96077    3.31870
-123.21862   48.00568    3.14844
-123.21862   48.05060    1.35100
-123.21862   48.09551    8.53014
-123.15149   47.87093    4.32512
-123.15149   47.91585    3.37749
-123.15149   47.96077    3.65509
-123.08435   47.91585    4.05037
-123.08435   47.96077    5.25937
-123.01722   47.87093    2.71881
-123.01722   47.91585    3.04014
-123.01722   47.96077    4.53971
-122.95009   47.87093    4.19850
-122.95009   47.91585    1.70139
-122.95009   47.96077    3.38648
-122.81583   47.82602    2.91065
