-123.26401   47.82253    4.14520
-123.26401   47.86745    5.99254
-123.19694   47.77762    9.33559
-123.19694   47.82253    3.32809
-123.19694   47.86745    2.44060
-123.19694   47.91236    3.15481
-123.19694   47.95728    3.42566
-123.19694   48.00220    3.38094
-123.12987   48.00220    3.86089
-123.06280   47.77762    4.37465
-123.06280   47.82253    4.52422
-123.06280   47.95728    2.67614
-123.06280   48.00220    4.05626
-122.99573   47.91236    0.65410
-122.99573   47.95728    2.62206
-122.99573   48.00220    3.27051
-122.92866   47.95728    2.57774
-122.92866   48.00220    3.24257
-122.92866   48.04711    3.38187
