-123.37000   48.01700    1.35950
-123.35600   48.06800    4.86135
-123.22800   47.90100    3.56010
-123.22200   47.90000    4.06280
-123.25800   47.92000    3.49998
-123.29500   47.98700    1.35988
-123.27700   48.02000    2.03011
-123.28100   48.10000    0.75408
-123.17500   47.85500    3.58033
-123.23000   47.93100    3.41046
-123.21300   48.01600    3.13067
-123.23000   47.99000    1.35085
-123.25300   48.09500   10.76022
-123.14500   47.83500    5.95793
-123.14300   47.90700    3.37867
-123.24500   47.98500    3.92848
-123.11500   47.97500    5.25660
