-123.33976   47.97304    0.00000
-123.27267   47.79337    2.64017
-123.27267   47.83829    3.05053
-123.27267   47.88320    2.02978
-123.27267   47.92812    0.00000
-123.20558   47.74846    3.60349
-123.20558   47.79337    7.21356
-123.20558   47.83829    2.03911
-123.20558   47.88320    1.31727
-123.20558   47.92812    0.00000
-123.13849   47.88320    1.95376
-123.13849   47.92812    2.61635
-123.07140   47.92812    1.16494
-123.07140   47.97304    0.00000
-123.00431   47.88320    4.11751
-123.00431   47.92812    2.70199
-122.93722   47.92812    6.36423
