-123.90000   47.60000  -20.21056
-123.80000   47.60000  -21.58164
-123.70000   47.60000  -22.96045
-123.60000   47.60000  -28.86300
-123.50000   47.60000  -30.53900
-123.40000   47.60000  -32.20300
-123.30000   47.60000  -33.87000
-123.20000   47.60000  -35.61200
-123.10000   47.60000  -37.46300
-123.00000   47.60000  -39.32700
-122.90000   47.60000  -41.12600
-122.80000   47.60000  -42.88400
-122.70000   47.60000  -44.63600
-122.60000   47.60000  -46.86600
-122.50000   47.60000  -49.19900
-123.90000   47.65000  -23.99100
-123.80000   47.65000  -25.63800
-123.70000   47.65000  -27.30600
-123.60000   47.65000  -28.97600
-123.50000   47.65000  -30.63100
-123.40000   47.65000  -32.27900
-123.30000   47.65000  -33.92800
-123.20000   47.65000  -35.66500
-123.10000   47.65000  -37.51600
-123.00000   47.65000  -39.38300
-122.90000   47.65000  -41.16700
-122.80000   47.65000  -42.91200
-122.70000   47.65000  -44.66100
-122.60000   47.65000  -46.85100
-122.50000   47.65000  -49.11200
-123.90000   47.70000  -24.25500
-123.80000   47.70000  -25.84100
-123.70000   47.70000  -27.46900
-123.60000   47.70000  -29.10600
-123.50000   47.70000  -30.73700
-123.40000   47.70000  -32.36900
-123.30000   47.70000  -34.00100
-123.20000   47.70000  -35.73400
-123.10000   47.70000  -37.58400
-123.00000   47.70000  -39.45200
-122.90000   47.70000  -41.22100
-122.80000   47.70000  -42.95500
-122.70000   47.70000  -44.70100
-122.60000   47.70000  -46.84700
-122.50000   47.70000  -49.04100
-123.90000   47.75000  -24.59000
-123.80000   47.75000  -26.11200
-123.70000   47.75000  -27.69000
-123.60000   47.75000  -29.28400
-123.50000   47.75000  -30.88500
-123.40000   47.75000  -32.50000
-123.30000   47.75000  -34.11700
-123.20000   47.75000  -35.85400
-123.10000   47.75000  -37.69800
-123.00000   47.75000  -39.56000
-122.90000   47.75000  -41.31500
-122.80000   47.75000  -43.04200
-122.70000   47.75000  -44.78100
-122.60000   47.75000  -46.87600
-122.50000   47.75000  -49.01300
-123.90000   47.80000  -24.94200
-123.80000   47.80000  -26.40500
-123.70000   47.80000  -27.93100
-123.60000   47.80000  -29.48400
-123.50000   47.80000  -31.05800
-123.40000   47.80000  -32.65500
-123.30000   47.80000  -34.25600
-123.20000   47.80000  -35.99400
-123.10000   47.80000  -37.82900
-123.00000   47.80000  -39.68100
-122.90000   47.80000  -41.42400
-122.80000   47.80000  -43.14400
-122.70000   47.80000  -44.88000
-122.60000   47.80000  -46.92900
-122.50000   47.80000  -49.01400
-123.90000   47.85000  -25.34600
-123.80000   47.85000  -26.76400
-123.70000   47.85000  -28.23400
-123.60000   47.85000  -29.75100
-123.50000   47.85000  -31.30200
-123.40000   47.85000  -32.88000
-123.30000   47.85000  -34.46600
-123.20000   47.85000  -36.19700
-123.10000   47.85000  -38.01200
-123.00000   47.85000  -39.84200
-122.90000   47.85000  -41.57200
-122.80000   47.85000  -43.28700
-122.70000   47.85000  -45.03700
-122.60000   47.85000  -47.05000
-122.50000   47.85000  -49.09900
-123.90000   47.90000  -25.77600
-123.80000   47.90000  -27.14600
-123.70000   47.90000  -28.56200
-123.60000   47.90000  -30.04700
-123.50000   47.90000  -31.57500
-123.40000   47.90000  -33.13500
-123.30000   47.90000  -34.70300
-123.20000   47.90000  -36.42000
-123.10000   47.90000  -38.21300
-123.00000   47.90000  -40.01600
-122.90000   47.90000  -41.73600
-122.80000   47.90000  -43.44600
-122.70000   47.90000  -45.21200
-122.60000   47.90000  -47.19800
-122.50000   47.90000  -49.21500
-123.90000   47.95000  -26.28300
-123.80000   47.95000  -27.59800
-123.70000   47.95000  -28.96400
-123.60000   47.95000  -30.43000
-123.50000   47.95000  -31.93000
-123.40000   47.95000  -33.47500
-123.30000   47.95000  -35.01900
-123.20000   47.95000  -36.70500
-123.10000   47.95000  -38.46700
-123.00000   47.95000  -40.23200
-122.90000   47.95000  -41.94700
-122.80000   47.95000  -43.65500
-122.70000   47.95000  -45.44500
-122.60000   47.95000  -47.42500
-122.50000   47.95000  -49.42400
-123.90000   48.00000  -26.81200
-123.80000   48.00000  -28.07600
-123.70000   48.00000  -29.40000
-123.60000   48.00000  -30.85000
-123.50000   48.00000  -32.31800
-123.40000   48.00000  -33.84000
-123.30000   48.00000  -35.36000
-123.20000   48.00000  -37.00800
-123.10000   48.00000  -38.73600
-123.00000   48.00000  -40.46800
-122.90000   48.00000  -42.17600
-122.80000   48.00000  -43.88200
-122.70000   48.00000  -45.70300
-122.60000   48.00000  -47.67900
-122.50000   48.00000  -49.68500
-123.90000   48.05000  -27.40500
-123.80000   48.05000  -28.62900
-123.70000   48.05000  -29.93300
-123.60000   48.05000  -31.38400
-123.50000   48.05000  -32.80300
-123.40000   48.05000  -34.27700
-123.30000   48.05000  -35.77500
-123.20000   48.05000  -37.36700
-123.10000   48.05000  -39.05200
-123.00000   48.05000  -40.76200
-122.90000   48.05000  -42.46200
-122.80000   48.05000  -44.16700
-122.70000   48.05000  -46.03500
-122.60000   48.05000  -48.01500
-122.50000   48.05000  -50.10000
-123.90000   48.10000  -28.02500
-123.80000   48.10000  -29.21200
-123.70000   48.10000  -30.50400
-123.60000   48.10000  -31.94100
-123.50000   48.10000  -33.31800
-123.40000   48.10000  -34.74600
-123.30000   48.10000  -36.21900
-123.20000   48.10000  -37.75000
-123.10000   48.10000  -39.38700
-123.00000   48.10000  -41.08900
-122.90000   48.10000  -42.78800
-122.80000   48.10000  -44.49000
-122.70000   48.10000  -46.41300
-122.60000   48.10000  -48.38600
-122.50000   48.10000  -50.57800
-123.90000   48.15000  -28.72700
-123.80000   48.15000  -29.88500
-123.70000   48.15000  -31.18600
-123.60000   48.15000  -32.57100
-123.50000   48.15000  -33.92500
-123.40000   48.15000  -35.31100
-123.30000   48.15000  -36.74800
-123.20000   48.15000  -38.20600
-123.10000   48.15000  -39.78200
-123.00000   48.15000  -41.51500
-122.90000   48.15000  -43.23400
-122.80000   48.15000  -44.92900
-122.70000   48.15000  -46.92400
-122.60000   48.15000  -48.85900
-122.50000   48.15000  -51.24300
-123.90000   48.20000  -29.46500
-123.80000   48.20000  -30.60500
-123.70000   48.20000  -31.89700
-123.60000   48.20000  -33.23100
-123.50000   48.20000  -34.56300
-123.40000   48.20000  -35.90900
-123.30000   48.20000  -37.30500
-123.20000   48.20000  -38.69700
-123.10000   48.20000  -40.24300
-123.00000   48.20000  -41.98500
-122.90000   48.20000  -43.71000
-122.80000   48.20000  -45.43400
-122.70000   48.20000  -47.47200
-122.60000   48.20000  -49.41400
-122.50000   48.20000  -51.96200
-123.90000   48.25000  -30.31200
-123.80000   48.25000  -31.46300
-123.70000   48.25000  -32.69600
-123.60000   48.25000  -33.97600
-123.50000   48.25000  -35.29100
-123.40000   48.25000  -36.60400
-123.30000   48.25000  -37.94700
-123.20000   48.25000  -39.29100
-123.10000   48.25000  -40.89900
-123.00000   48.25000  -42.58300
-122.90000   48.25000  -44.27700
-122.80000   48.25000  -46.13700
-122.70000   48.25000  -48.13100
-122.60000   48.25000  -50.21300
-122.50000   48.25000  -52.84100
-123.90000   48.30000  -31.19800
-123.80000   48.30000  -32.34600
-123.70000   48.30000  -33.52300
-123.60000   48.30000  -34.75700
-123.50000   48.30000  -36.05200
-123.40000   48.30000  -37.33000
-123.30000   48.30000  -38.61900
-123.20000   48.30000  -39.96600
-123.10000   48.30000  -41.61400
-123.00000   48.30000  -43.23800
-122.90000   48.30000  -44.94100
-122.80000   48.30000  -46.90200
-122.70000   48.30000  -48.87100
-122.60000   48.30000  -51.10300
-122.50000   48.30000  -53.77600
-123.90000   48.35000  -32.20200
-123.80000   48.35000  -33.30000
-123.70000   48.35000  -34.43100
-123.60000   48.35000  -35.64800
-123.50000   48.35000  -36.90900
-123.40000   48.35000  -38.14800
-123.30000   48.35000  -39.38200
-123.20000   48.35000  -40.88200
-123.10000   48.35000  -42.50100
-123.00000   48.35000  -44.05900
-122.90000   48.35000  -45.89000
-122.80000   48.35000  -47.85100
-122.70000   48.35000  -49.85300
-122.60000   48.35000  -52.26300
-122.50000   48.35000  -54.88200
-123.90000   48.40000  -33.21800
-123.80000   48.40000  -34.28200
-123.70000   48.40000  -35.38100
-123.60000   48.40000  -36.57300
-123.50000   48.40000  -37.78500
-123.40000   48.40000  -39.00800
-123.30000   48.40000  -40.24200
-123.20000   48.40000  -41.83700
-123.10000   48.40000  -43.42700
-123.00000   48.40000  -44.97300
-122.90000   48.40000  -46.89000
-122.80000   48.40000  -48.85800
-122.70000   48.40000  -50.91500
-122.60000   48.40000  -53.45300
-122.50000   48.40000  -56.01300
