-123.37000   48.01700    1.10713
-123.35600   48.06800    2.55025
-123.22800   47.90100    1.83416
-123.22200   47.90000    1.82688
-123.25800   47.92000    1.38374
-123.29500   47.98700    0.91722
-123.27700   48.02000    0.91286
-123.28100   48.10000    0.50862
-123.17500   47.85500    1.93192
-123.23000   47.93100    1.82495
-123.21300   48.01600    0.49862
-123.23000   47.99000    0.91114
-123.25300   48.09500    1.01874
-123.14500   47.83500    2.49439
-123.14300   47.90700    1.37353
-123.24500   47.98500    1.53792
-123.11500   47.97500    1.80149
