-123.26401   47.82253    2.11541
-123.26401   47.86745    2.87814
-123.19694   47.77762    3.64623
-123.19694   47.82253    2.03552
-123.19694   47.86745    1.62455
-123.19694   47.91236    1.71031
-123.19694   47.95728    2.11620
-123.19694   48.00220    1.71031
-123.12987   48.00220    2.03982
-123.06280   47.77762    2.14594
-123.06280   47.82253    2.03436
-123.06280   47.95728    1.35377
-123.06280   48.00220    1.99664
-122.99573   47.91236    0.44119
-122.99573   47.95728    1.31783
-122.99573   48.00220    1.76475
-122.92866   47.95728    1.30400
-122.92866   48.00220    1.51672
-122.92866   48.04711    1.80503
