-123.33976   47.97304    0.00000
-123.27267   47.79337    1.23311
-123.27267   47.83829    1.21786
-123.27267   47.88320    0.92566
-123.27267   47.92812    0.00000
-123.20558   47.74846    1.31211
-123.20558   47.79337    3.64025
-123.20558   47.83829    1.05090
-123.20558   47.88320    0.45562
-123.20558   47.92812    0.00000
-123.13849   47.88320    0.88185
-123.13849   47.92812    1.36479
-123.07140   47.92812    0.41989
-123.07140   47.97304    0.00000
-123.00431   47.88320    2.26548
-123.00431   47.92812    1.36685
-122.93722   47.92812    2.91725
