-123.42002   48.00568    1.65708
-123.42002   48.05060    4.14569
-123.35288   47.96077    2.62958
-123.35288   48.00568    0.50788
-123.35288   48.05060    0.82604
-123.35288   48.09551    0.86434
-123.28575   47.87093    1.92117
-123.28575   47.91585    2.44170
-123.28575   47.96077    1.37536
-123.28575   48.00568    0.91314
-123.28575   48.05060    0.91691
-123.28575   48.09551    0.50862
-123.21862   47.87093    1.92960
-123.21862   47.96077    1.77697
-123.21862   48.00568    0.49926
-123.21862   48.05060    0.91123
-123.21862   48.09551    1.01354
-123.15149   47.87093    2.03779
-123.15149   47.91585    1.37292
-123.15149   47.96077    1.50402
-123.08435   47.91585    2.17686
-123.08435   47.96077    1.80173
-123.01722   47.87093    2.29227
-123.01722   47.91585    1.36685
-123.01722   47.96077    2.22221
-122.95009   47.87093    2.33013
-122.95009   47.91585    0.93014
-122.95009   47.96077    1.87431
-122.81583   47.82602    2.61761
