-123.26401   47.82253    4.19967
-123.26401   47.86745    6.30847
-123.19694   47.77762    8.52082
-123.19694   47.82253    3.67198
-123.19694   47.86745    3.26084
-123.19694   47.91236    3.48400
-123.19694   47.95728    3.90158
-123.19694   48.00220    3.39952
-123.12987   48.00220    3.71386
-123.06280   47.77762    5.61866
-123.06280   47.82253    5.25175
-123.06280   47.95728    3.22902
-123.06280   48.00220    4.01261
-122.99573   47.91236    1.05232
-122.99573   47.95728    2.61941
-122.99573   48.00220    3.33679
-122.92866   47.95728    2.59191
-122.92866   48.00220    3.61769
-122.92866   48.04711    3.63248
