-123.42002   48.00568    2.79967
-123.42002   48.05060    7.96177
-123.35288   47.96077    4.57763
-123.35288   48.00568    1.20709
-123.35288   48.05060    1.33327
-123.35288   48.09551    1.74674
-123.28575   47.87093    4.05935
-123.28575   47.91585    5.90571
-123.28575   47.96077    3.03783
-123.28575   48.00568    2.17802
-123.28575   48.05060    1.82270
-123.28575   48.09551    1.18604
-123.21862   47.87093    3.37727
-123.21862   47.96077    3.74273
-123.21862   48.00568    2.53260
-123.21862   48.05060    1.63011
-123.21862   48.09551    7.19181
-123.15149   47.87093    4.50370
-123.15149   47.91585    3.26021
-123.15149   47.96077    2.94014
-123.08435   47.91585    4.82970
-123.08435   47.96077    4.72902
-123.01722   47.87093    3.86607
-123.01722   47.91585    3.23143
-123.01722   47.96077    4.81987
-122.95009   47.87093    4.25794
-122.95009   47.91585    2.17700
-122.95009   47.96077    3.92001
-122.81583   47.82602    3.90220
