-123.37000   48.01700    1.54924
-123.35600   48.06800    4.65710
-123.22800   47.90100    3.41059
-123.22200   47.90000    3.96833
-123.25800   47.92000    3.03726
-123.29500   47.98700    2.18776
-123.27700   48.02000    1.81503
-123.28100   48.10000    1.18596
-123.17500   47.85500    3.38575
-123.23000   47.93100    3.81849
-123.21300   48.01600    2.51831
-123.23000   47.99000    1.62993
-123.25300   48.09500    8.75786
-123.14500   47.83500    6.00437
-123.14300   47.90700    3.26136
-123.24500   47.98500    3.16006
-123.11500   47.97500    4.72577
