-123.33976   47.97304    0.00000
-123.27267   47.79337    2.32411
-123.27267   47.83829    3.02915
-123.27267   47.88320    1.65858
-123.27267   47.92812    0.00000
-123.20558   47.74846    2.89864
-123.20558   47.79337    7.13592
-123.20558   47.83829    2.38562
-123.20558   47.88320    1.08015
-123.20558   47.92812    0.00000
-123.13849   47.88320    1.59471
-123.13849   47.92812    3.68808
-123.07140   47.92812    0.93708
-123.07140   47.97304    0.00000
-123.00431   47.88320    4.94486
-123.00431   47.92812    2.18071
-122.93722   47.92812    5.77965
