-123.33976   47.97304    5.08717
-123.27267   47.79337    9.30529
-123.27267   47.83829    4.79568
-123.27267   47.88320    3.31928
-123.27267   47.92812    4.18025
-123.20558   47.74846   12.20923
-123.20558   47.79337   12.05174
-123.20558   47.83829    4.05558
-123.20558   47.88320    2.73150
-123.20558   47.92812    3.73832
-123.13849   47.88320    3.64084
-123.13849   47.92812    4.13004
-123.07140   47.92812    4.73907
-123.07140   47.97304    5.59105
-123.00431   47.88320    4.42986
-123.00431   47.92812    3.88831
-122.93722   47.92812    6.01952
