-123.26401   47.82253    5.70525
-123.26401   47.86745    7.42889
-123.19694   47.77762    8.50825
-123.19694   47.82253    6.45152
-123.19694   47.86745    5.59354
-123.19694   47.91236    5.22260
-123.19694   47.95728    6.44383
-123.19694   48.00220    4.81560
-123.12987   48.00220    4.99741
-123.06280   47.77762    6.03013
-123.06280   47.82253    5.20971
-123.06280   47.95728    4.19113
-123.06280   48.00220    4.92866
-122.99573   47.91236    2.22382
-122.99573   47.95728    3.27089
-122.99573   48.00220    4.41210
-122.92866   47.95728    3.03656
-122.92866   48.00220    4.10075
-122.92866   48.04711    4.77021
