-123.37000   48.01700   12.95398
-123.35600   48.06800   10.98207
-123.22800   47.90100    3.92310
-123.22200   47.90000    4.02175
-123.25800   47.92000    4.32813
-123.29500   47.98700    3.68002
-123.27700   48.02000    2.90175
-123.28100   48.10000    6.92144
-123.17500   47.85500    7.54739
-123.23000   47.93100    3.68044
-123.21300   48.01600    5.02171
-123.23000   47.99000    3.50815
-123.25300   48.09500    7.15530
-123.14500   47.83500    9.41991
-123.14300   47.90700    3.81116
-123.24500   47.98500    4.79379
-123.11500   47.97500    4.83649
