-123.42002   48.00568   11.97464
-123.42002   48.05060   11.12928
-123.35288   47.96077   14.70772
-123.35288   48.00568    3.09858
-123.35288   48.05060    5.70832
-123.35288   48.09551    8.43080
-123.28575   47.87093    8.09169
-123.28575   47.91585    7.60928
-123.28575   47.96077    4.02021
-123.28575   48.00568    3.53412
-123.28575   48.05060    3.01344
-123.28575   48.09551    6.92982
-123.21862   47.87093    7.47245
-123.21862   47.96077    3.62487
-123.21862   48.00568    5.04033
-123.21862   48.05060    3.51440
-123.21862   48.09551    6.20671
-123.15149   47.87093    4.76590
-123.15149   47.91585    3.78802
-123.15149   47.96077    4.56944
-123.08435   47.91585    4.85765
-123.08435   47.96077    4.84249
-123.01722   47.87093    4.88079
-123.01722   47.91585    3.75803
-123.01722   47.96077    5.72096
-122.95009   47.87093    6.06443
-122.95009   47.91585    3.99785
-122.95009   47.96077    4.30292
-122.81583   47.82602   11.29009
