48.005682 -122.950090
47.826017 -122.815826
48.095514 -123.017222
48.095514 -123.218619
48.050598 -122.950090
48.005682 -123.017222
47.960766 -122.950090
48.005682 -123.218619
47.960766 -123.352883
47.870933 -122.950090
47.915850 -122.950090
48.005682 -122.882958
48.005682 -123.285751
48.050598 -123.084355
47.960766 -123.084355
47.915850 -123.084355
47.915850 -123.017222
47.915850 -123.285751
48.095514 -123.352883
47.960766 -123.151487
48.050598 -123.285751
47.870933 -123.151487
47.870933 -123.017222
47.915850 -123.151487
48.005682 -123.151487
47.960766 -123.218619
47.870933 -123.285751
48.050598 -123.420015
48.095514 -123.285751
48.005682 -123.420015
47.960766 -123.285751
47.870933 -123.218619
48.050598 -123.218619
48.050598 -123.352883
48.005682 -123.352883