 733972.237500  47.933987 -122.969935  0.0
 733994.787500  47.889071 -122.969935  1.0
 733994.788194  47.889071 -122.969935  0.0
 733994.788889  47.889071 -122.969935  0.0
 733994.789583  47.889071 -122.969935  1.0
 734077.936806  47.889071 -122.969935  1.0
 734078.237500  47.933987 -122.969935  0.0
 734089.105556  47.933987 -123.238792  0.0
 734089.549306  47.933987 -122.969935  0.0
 734089.964583  47.933987 -123.104364  0.0
 734090.100000  47.889071 -122.969935  1.0
 734090.136806  47.933987 -122.969935  0.0
 734090.141667  47.933987 -122.969935  0.0
 734090.145139  47.933987 -122.969935  0.0
 734090.153472  47.933987 -122.969935  0.0
 734090.163194  47.933987 -122.969935  0.0
 734090.164583  47.933987 -122.969935  0.0
 734090.165972  47.933987 -122.969935  0.0
 734090.172222  47.933987 -122.969935  0.0
 734129.750000  47.889071 -122.969935  0.0
 734175.228472  47.889071 -122.969935  0.0
 734186.429861  47.889071 -123.306007  0.0
 734189.297222  47.933987 -123.104364  1.0
 734211.153472  47.933987 -122.969935  0.0
 734211.287500  47.889071 -122.969935  0.0
 734211.676389  47.933987 -122.969935  0.0
 734212.502778  47.889071 -122.969935  0.0
 734212.573611  47.889071 -122.969935  0.0
 734212.574306  47.889071 -122.969935  1.0
 734212.577083  47.889071 -122.969935  0.0
 734212.589583  47.889071 -122.969935  0.0
 734212.606250  47.889071 -122.969935  0.0
 734212.639583  47.933987 -122.969935  0.0
 734213.079861  47.933987 -123.104364  0.0
 734213.080556  47.933987 -123.104364  0.0
 734213.119444  47.933987 -123.104364  0.0
 734213.122222  47.933987 -123.104364  0.0
 734213.331944  47.933987 -123.104364  0.0
 734213.404167  47.889071 -122.969935  0.0
 734213.447222  47.933987 -123.104364  0.0
 734213.447917  47.933987 -123.104364  0.0
 734213.458333  47.933987 -123.104364  1.0
 734213.497917  47.889071 -122.969935  0.0
 734213.504167  47.933987 -123.104364  1.0
 734213.518750  47.889071 -122.969935  0.0
 734213.612500  47.933987 -122.969935  0.0
 734213.613194  47.933987 -122.969935  0.0
 734213.620833  47.933987 -122.969935  0.0
 734213.627778  47.933987 -122.969935  0.0
 734213.629167  47.889071 -122.969935  0.0
 734213.665278  47.889071 -122.969935  1.0
 734213.665972  47.889071 -122.969935  1.0
 734214.023611  47.933987 -123.104364  0.0
 734214.372222  47.933987 -123.104364  0.0
 734214.433333  47.933987 -123.104364  0.0
 734214.441667  47.933987 -123.104364  1.0
 734214.451389  47.933987 -123.104364  0.0
 734214.452778  47.933987 -122.969935  0.0
 734214.525000  47.933987 -123.104364  0.0
 734215.172222  47.933987 -122.969935  0.0
 734215.172917  47.933987 -122.969935  0.0
 734215.228472  47.933987 -122.969935  0.0
 734215.230556  47.933987 -123.104364  0.0
 734215.234028  47.933987 -122.969935  0.0
 734215.234722  47.933987 -122.969935  0.0
 734215.261111  47.933987 -122.969935  0.0
 734215.263194  47.933987 -122.969935  0.0
 734215.264583  47.889071 -122.969935  0.0
 734215.267361  47.889071 -122.969935  1.0
 734215.277083  47.933987 -123.104364  0.0
 734215.344444  47.933987 -122.969935  0.0
 734215.418056  47.933987 -123.104364  0.0
 734215.423611  47.933987 -122.969935  0.0
 734215.428472  47.933987 -122.969935  0.0
 734215.429861  47.933987 -123.104364  1.0
 734215.431250  47.933987 -123.104364  1.0
 734215.435417  47.889071 -122.969935  0.0
 734215.439583  47.933987 -122.969935  0.0
 734215.440972  47.933987 -123.104364  0.0
 734215.594444  47.933987 -123.104364  0.0
 734215.621528  47.933987 -122.969935  0.0
 734215.622222  47.933987 -122.969935  0.0
 734215.624306  47.933987 -122.969935  0.0
 734215.626389  47.933987 -122.969935  0.0
 734215.627778  47.933987 -122.969935  0.0
 734215.629861  47.933987 -122.969935  0.0
 734215.636806  47.889071 -122.969935  0.0
 734215.915278  47.933987 -122.969935  0.0
 734215.946528  47.933987 -123.104364  0.0
 734215.950694  47.889071 -122.969935  0.0
 734215.975694  47.933987 -122.969935  0.0
 734215.981944  47.933987 -123.104364  0.0
 734216.005556  47.933987 -123.104364  1.0
 734216.032639  47.933987 -123.104364  0.0
 734216.077778  47.933987 -123.104364  1.0
 734216.079167  47.933987 -123.104364  0.0
 734216.080556  47.933987 -123.104364  1.0
 734216.151389  47.933987 -123.104364  0.0
 734216.168056  47.933987 -123.104364  1.0
 734216.175694  47.933987 -123.104364  0.0
 734216.215972  47.933987 -123.104364  0.0
 734216.219444  47.933987 -123.104364  0.0
 734216.232639  47.933987 -123.104364  0.0
 734216.236806  47.933987 -123.104364  1.0
 734216.237500  47.933987 -123.104364  0.0
 734216.241667  47.933987 -122.969935  0.0
 734216.242361  47.889071 -122.969935  0.0
 734216.243056  47.933987 -122.969935  0.0
 734216.243750  47.933987 -123.104364  0.0
 734216.244444  47.933987 -122.969935  0.0
 734216.249306  47.933987 -123.104364  0.0
 734216.293750  47.889071 -122.969935  1.0
 734216.301389  47.933987 -123.104364  0.0
 734216.309028  47.933987 -123.104364  0.0
 734216.333333  47.933987 -123.238792  0.0
 734216.348611  47.933987 -122.969935  0.0
 734216.355556  47.933987 -122.969935  0.0
 734216.561806  47.933987 -123.104364  0.0
 734216.668750  47.933987 -123.238792  0.0
 734216.672222  47.933987 -123.104364  0.0
 734216.690972  47.933987 -123.104364  1.0
 734216.697222  47.933987 -123.104364  0.0
 734216.698611  47.933987 -123.104364  0.0
 734216.713194  47.933987 -123.238792  0.0
 734216.714583  47.933987 -123.238792  0.0
 734216.731250  47.933987 -123.104364  0.0
 734216.732639  47.889071 -123.306007  0.0
 734216.734722  47.933987 -123.104364  0.0
 734216.747222  47.933987 -123.104364  0.0
 734216.755556  47.933987 -123.238792  0.0
 734216.756944  47.933987 -123.104364  0.0
 734216.758333  47.933987 -123.104364  0.0
 734216.778472  47.933987 -123.104364  0.0
 734216.792361  47.933987 -123.104364  0.0
 734216.839583  47.933987 -123.104364  1.0
 734216.860417  47.933987 -123.238792  0.0
 734216.863889  47.933987 -123.238792  0.0
 734216.865278  47.933987 -123.238792  0.0
 734216.865972  47.933987 -123.238792  0.0
 734216.872917  47.933987 -123.238792  0.0
 734216.906250  47.933987 -123.104364  0.0
 734216.906944  47.933987 -123.104364  1.0
 734216.907639  47.933987 -123.104364  0.0
 734216.910417  47.933987 -123.238792  0.0
 734216.916667  47.933987 -123.238792  0.0
 734216.918750  47.933987 -123.238792  0.0
 734216.920139  47.933987 -123.238792  0.0
 734217.027778  47.933987 -123.238792  0.0
 734217.047222  47.933987 -123.238792  0.0
 734217.049306  47.933987 -123.238792  0.0
 734217.050694  47.933987 -123.104364  0.0
 734217.051389  47.933987 -123.238792  0.0
 734217.057639  47.933987 -123.238792  0.0
 734218.402083  47.933987 -123.104364  1.0
 734289.584722  47.889071 -122.969935  0.0
 734305.458333  47.933987 -122.969935  0.0
 734324.761111  47.889071 -123.306007  0.0
 734339.214583  47.889071 -122.969935  1.0
 734339.215278  47.889071 -122.969935  0.0
 734339.298611  47.889071 -122.969935  0.0
 734357.356944  47.889071 -122.969935  0.0
 734358.740972  47.933987 -122.969935  0.0
 734360.540278  47.933987 -123.104364  0.0
 734360.595139  47.889071 -122.969935  0.0
 734360.659028  47.889071 -122.969935  1.0
 734362.811111  47.889071 -122.969935  0.0
 734362.818056  47.889071 -122.969935  0.0
 734362.843056  47.933987 -122.969935  0.0
 734362.931944  47.889071 -122.969935  0.0
 734362.936806  47.889071 -122.969935  0.0
 734362.938194  47.889071 -122.969935  0.0
 734362.945833  47.889071 -122.969935  0.0
 734362.947222  47.889071 -122.969935  0.0
 734362.954167  47.889071 -122.969935  0.0
 734362.963889  47.933987 -122.969935  0.0
 734362.965278  47.889071 -122.969935  1.0
 734363.293750  47.889071 -122.969935  0.0
 734363.332639  47.933987 -122.969935  0.0
 734363.608333  47.889071 -122.969935  0.0
 734363.658333  47.933987 -123.104364  0.0
 734364.123611  47.889071 -122.969935  1.0
 734364.153472  47.889071 -122.969935  0.0
 734364.381944  47.933987 -123.104364  1.0
 734364.382639  47.933987 -123.104364  0.0
 734364.383333  47.933987 -123.104364  0.0
 734364.384028  47.933987 -123.104364  0.0
 734364.401389  47.933987 -123.104364  1.0
 734364.439583  47.933987 -123.104364  0.0
 734364.440972  47.933987 -123.104364  0.0
 734364.560417  47.933987 -123.104364  0.0
 734364.574306  47.933987 -123.104364  0.0
 734364.609722  47.889071 -122.969935  0.0
 734364.630556  47.933987 -123.104364  0.0
 734364.735417  47.933987 -123.104364  0.0
 734365.259028  47.889071 -122.969935  0.0
 734365.324306  47.933987 -123.104364  1.0
 734365.365972  47.933987 -123.104364  0.0
 734365.366667  47.933987 -123.104364  0.0
 734365.434028  47.933987 -123.238792  0.0
 734365.434722  47.933987 -123.238792  0.0
 734365.440278  47.933987 -122.969935  0.0
 734365.442361  47.933987 -122.969935  0.0
 734365.446528  47.933987 -122.969935  0.0
 734365.462500  47.889071 -122.969935  0.0
 734365.528472  47.933987 -123.104364  1.0
 734365.529861  47.933987 -123.104364  0.0
 734365.610417  47.933987 -123.104364  0.0
 734365.617361  47.889071 -122.969935  1.0
 734365.618056  47.933987 -123.104364  0.0
 734365.630556  47.933987 -123.104364  1.0
 734365.670833  47.933987 -123.104364  0.0
 734365.743750  47.889071 -122.969935  1.0
 734365.763194  47.933987 -123.104364  1.0
 734365.785417  47.889071 -122.969935  1.0
 734365.790972  47.889071 -122.969935  1.0
 734365.825694  47.933987 -122.969935  0.0
 734365.850694  47.889071 -122.969935  1.0
 734365.856944  47.933987 -122.969935  0.0
 734365.857639  47.933987 -122.969935  0.0
 734365.865278  47.889071 -122.969935  1.0
 734365.870833  47.933987 -122.969935  0.0
 734365.904861  47.933987 -122.969935  0.0
 734365.906944  47.889071 -122.969935  1.0
 734365.908333  47.933987 -122.969935  0.0
 734365.915278  47.933987 -122.969935  0.0
 734365.927083  47.933987 -122.969935  0.0
 734365.937500  47.933987 -123.104364  1.0
 734365.948611  47.933987 -123.104364  0.0
 734365.961111  47.933987 -123.104364  0.0
 734365.968750  47.933987 -123.104364  0.0
 734365.981250  47.933987 -122.969935  0.0
 734365.981944  47.889071 -122.969935  0.0
 734365.982639  47.889071 -122.969935  1.0
 734365.984028  47.933987 -122.969935  0.0
 734365.984722  47.933987 -122.969935  0.0
 734365.987500  47.933987 -122.969935  0.0
 734365.989583  47.933987 -122.969935  0.0
 734366.116667  47.889071 -123.306007  0.0
 734366.119444  47.933987 -123.104364  1.0
 734366.137500  47.933987 -122.969935  0.0
 734366.140972  47.933987 -122.969935  0.0
 734366.166667  47.889071 -122.969935  1.0
 734366.167361  47.889071 -122.969935  1.0
 734366.168750  47.933987 -123.104364  0.0
 734366.190972  47.933987 -122.969935  0.0
 734366.191667  47.933987 -123.104364  1.0
 734366.203472  47.933987 -123.104364  1.0
 734366.228472  47.889071 -123.306007  0.0
 734366.252083  47.933987 -123.238792  0.0
 734366.252778  47.933987 -123.238792  0.0
 734366.254861  47.933987 -123.238792  0.0
 734366.255556  47.933987 -123.238792  0.0
 734366.256250  47.933987 -123.238792  0.0
 734366.256944  47.933987 -123.238792  0.0
 734366.259722  47.889071 -123.306007  0.0
 734366.261111  47.933987 -123.238792  0.0
 734366.263889  47.889071 -123.306007  0.0
 734366.264583  47.889071 -123.306007  0.0
 734366.278472  47.889071 -123.306007  0.0
 734366.298611  47.889071 -123.306007  0.0
 734366.303472  47.889071 -123.306007  0.0
 734366.308333  47.933987 -123.104364  0.0
 734366.311111  47.933987 -123.104364  0.0
 734366.312500  47.933987 -123.104364  0.0
 734366.314583  47.933987 -123.104364  0.0
 734366.318750  47.889071 -123.306007  0.0
 734366.331944  47.933987 -123.104364  0.0
 734366.340972  47.889071 -123.306007  0.0
 734366.341667  47.889071 -123.306007  0.0
 734366.342361  47.889071 -123.306007  0.0
 734366.343056  47.889071 -123.306007  0.0
 734366.343750  47.889071 -123.306007  0.0
 734366.344444  47.889071 -123.306007  0.0
 734366.345139  47.933987 -123.238792  0.0
 734366.345833  47.933987 -123.238792  0.0
 734366.356250  47.889071 -123.306007  0.0
 734366.359028  47.933987 -123.238792  0.0
 734366.361111  47.933987 -123.238792  0.0
 734366.362500  47.933987 -123.238792  0.0
 734366.363194  47.933987 -123.238792  0.0
 734366.364583  47.933987 -123.238792  0.0
 734366.365972  47.933987 -123.238792  0.0
 734366.366667  47.933987 -123.238792  0.0
 734366.367361  47.889071 -123.306007  0.0
 734366.368056  47.933987 -123.238792  0.0
 734366.370139  47.889071 -123.306007  0.0
 734366.370833  47.889071 -123.306007  0.0
 734366.371528  47.889071 -123.306007  0.0
 734366.374306  47.889071 -123.306007  0.0
 734366.375000  47.889071 -123.306007  0.0
 734366.381250  47.889071 -123.306007  0.0
 734366.383333  47.933987 -123.238792  0.0
 734366.384722  47.889071 -123.306007  0.0
 734366.385417  47.889071 -123.306007  0.0
 734366.386111  47.889071 -123.306007  0.0
 734366.386806  47.889071 -123.306007  0.0
 734366.388889  47.933987 -123.238792  0.0
 734366.390972  47.889071 -123.306007  0.0
 734366.391667  47.889071 -123.306007  0.0
 734366.410417  47.889071 -123.306007  0.0
 734366.414583  47.889071 -123.306007  0.0
 734366.416667  47.933987 -123.238792  0.0
 734366.417361  47.933987 -123.238792  0.0
 734366.418750  47.933987 -123.238792  0.0
 734366.421528  47.933987 -123.238792  0.0
 734366.422222  47.933987 -123.238792  0.0
 734366.422917  47.889071 -123.306007  0.0
 734366.427083  47.933987 -123.238792  0.0
 734366.429167  47.889071 -123.306007  0.0
 734366.429861  47.933987 -123.238792  0.0
 734366.431944  47.933987 -123.238792  0.0
 734366.432639  47.933987 -123.238792  0.0
 734366.437500  47.889071 -123.306007  0.0
 734366.438194  47.933987 -123.238792  0.0
 734366.439583  47.889071 -123.306007  0.0
 734366.443750  47.933987 -123.238792  0.0
 734366.444444  47.933987 -123.238792  0.0
 734366.445139  47.933987 -123.238792  0.0
 734366.451389  47.933987 -123.238792  0.0
 734366.452083  47.933987 -123.238792  0.0
 734366.453472  47.933987 -123.238792  0.0
 734366.454167  47.889071 -123.306007  0.0
 734366.456944  47.889071 -123.306007  0.0
 734366.457639  47.889071 -123.306007  0.0
 734366.461111  47.889071 -123.306007  0.0
 734366.465278  47.933987 -123.238792  0.0
 734366.477083  47.889071 -123.306007  0.0
 734366.495139  47.933987 -123.238792  0.0
 734366.497222  47.933987 -123.238792  0.0
 734366.499306  47.933987 -123.238792  0.0
 734366.514583  47.933987 -123.238792  0.0
 734366.534722  47.933987 -123.238792  0.0
 734366.539583  47.933987 -123.238792  0.0
 734366.543056  47.933987 -123.238792  0.0
 734366.549306  47.889071 -123.306007  0.0
 734366.552778  47.933987 -123.238792  0.0
 734366.555556  47.933987 -123.238792  0.0
 734366.556250  47.933987 -123.238792  0.0
 734366.556944  47.933987 -123.238792  0.0
 734366.558333  47.933987 -123.238792  0.0
 734366.559028  47.933987 -123.238792  0.0
 734366.563194  47.889071 -123.306007  0.0
 734366.604861  47.933987 -123.104364  0.0
 734366.607639  47.933987 -123.104364  1.0
 734366.620139  47.933987 -123.104364  0.0
 734366.623611  47.933987 -123.104364  0.0
 734366.624306  47.933987 -123.104364  0.0
 734366.632639  47.933987 -123.104364  1.0
 734366.634028  47.933987 -123.238792  0.0
 734366.635417  47.933987 -123.238792  0.0
 734366.636111  47.933987 -123.238792  0.0
 734366.636806  47.933987 -123.238792  0.0
 734366.637500  47.889071 -123.306007  0.0
 734366.644444  47.889071 -123.306007  0.0
 734366.645139  47.889071 -123.306007  0.0
 734366.648611  47.889071 -123.306007  0.0
 734366.650694  47.889071 -123.306007  0.0
 734366.652083  47.889071 -123.306007  0.0
 734366.653472  47.933987 -123.238792  0.0
 734366.679861  47.889071 -122.969935  0.0
 734366.686806  47.933987 -123.104364  0.0
 734366.713889  47.933987 -123.238792  0.0
 734366.723611  47.889071 -123.306007  0.0
 734366.724306  47.933987 -123.238792  0.0
 734366.740278  47.933987 -123.238792  0.0
 734366.741667  47.933987 -123.238792  0.0
 734366.747222  47.933987 -123.104364  0.0
 734366.748611  47.933987 -123.104364  0.0
 734366.753472  47.933987 -123.238792  0.0
 734366.754861  47.933987 -123.238792  0.0
 734366.756250  47.933987 -123.238792  0.0
 734366.778472  47.933987 -122.969935  0.0
 734366.782639  47.933987 -123.238792  0.0
 734366.785417  47.933987 -123.104364  0.0
 734366.786111  47.933987 -123.238792  0.0
 734366.789583  47.933987 -122.969935  0.0
 734366.791667  47.933987 -122.969935  0.0
 734366.792361  47.889071 -122.969935  1.0
 734366.794444  47.933987 -123.104364  0.0
 734366.795833  47.933987 -123.104364  0.0
 734366.796528  47.933987 -123.104364  0.0
 734366.800000  47.933987 -123.238792  0.0
 734366.801389  47.933987 -123.238792  0.0
 734366.893056  47.933987 -123.238792  0.0
 734366.897917  47.933987 -123.238792  0.0
 734366.900694  47.933987 -123.238792  0.0
 734366.911806  47.933987 -123.238792  0.0
 734366.916667  47.933987 -123.104364  1.0
 734366.968056  47.889071 -122.969935  0.0
 734366.972222  47.889071 -122.969935  0.0
 734366.974306  47.933987 -123.104364  0.0
 734366.979167  47.933987 -122.969935  0.0
 734366.980556  47.933987 -122.969935  0.0
 734366.981944  47.889071 -122.969935  1.0
 734366.982639  47.933987 -122.969935  0.0
 734366.984028  47.933987 -122.969935  0.0
 734367.006944  47.933987 -123.104364  0.0
 734367.109028  47.889071 -123.306007  0.0
 734367.117361  47.933987 -123.238792  0.0
 734367.120833  47.933987 -123.238792  0.0
 734367.220833  47.933987 -123.238792  0.0
 734367.221528  47.933987 -123.238792  0.0
 734367.227083  47.933987 -123.238792  0.0
 734367.231944  47.889071 -123.306007  0.0
 734367.232639  47.889071 -123.306007  0.0
 734367.237500  47.933987 -123.238792  0.0
 734367.240278  47.933987 -123.238792  0.0
 734367.245833  47.933987 -123.238792  0.0
 734367.268056  47.933987 -123.238792  0.0
 734367.270139  47.933987 -123.238792  0.0
 734367.270833  47.933987 -123.238792  0.0
 734367.273611  47.933987 -123.238792  0.0
 734367.275694  47.933987 -123.238792  0.0
 734367.340278  47.933987 -123.238792  0.0
 734367.343056  47.933987 -123.238792  0.0
 734367.343750  47.933987 -123.238792  0.0
 734367.344444  47.933987 -123.238792  0.0
 734367.345139  47.933987 -123.238792  0.0
 734367.809028  47.933987 -123.238792  0.0
 734367.809722  47.933987 -123.238792  0.0
 734367.828472  47.933987 -123.238792  0.0
 734367.829861  47.933987 -123.238792  0.0
 734367.893056  47.933987 -123.238792  0.0
 734367.893750  47.933987 -123.238792  0.0
 734367.895833  47.933987 -123.238792  0.0
 734367.896528  47.933987 -123.238792  0.0
 734368.144444  47.933987 -123.238792  0.0
 734368.164583  47.889071 -123.306007  0.0
 734368.649306  47.933987 -123.238792  0.0
 734368.654861  47.933987 -123.238792  0.0
 734368.673611  47.889071 -123.306007  0.0
 734368.676389  47.933987 -123.238792  0.0
 734368.677083  47.933987 -123.238792  0.0
 734368.677778  47.933987 -123.238792  0.0
 734368.736111  47.889071 -123.306007  0.0
 734368.737500  47.889071 -123.306007  0.0
 734368.945833  47.933987 -123.238792  0.0
 734368.947222  47.933987 -123.238792  0.0
 734368.947917  47.933987 -123.238792  0.0
 734368.948611  47.933987 -123.238792  0.0
 734368.952083  47.933987 -123.238792  0.0
 734368.963194  47.933987 -123.238792  0.0
 734368.963889  47.889071 -123.306007  0.0
 734368.965972  47.933987 -123.238792  0.0
 734368.966667  47.889071 -123.306007  0.0
 734368.970833  47.889071 -123.306007  0.0
 734368.971528  47.889071 -123.306007  0.0
 734368.972222  47.889071 -123.306007  0.0
 734368.972917  47.933987 -123.238792  0.0
 734369.030556  47.889071 -123.306007  0.0
 734369.035417  47.889071 -123.306007  0.0
 734369.298611  47.933987 -123.104364  0.0
 734369.299306  47.933987 -123.104364  0.0
 734369.381250  47.889071 -122.969935  1.0
 734369.384722  47.933987 -122.969935  0.0
 734369.386111  47.933987 -122.969935  0.0
 734369.882639  47.933987 -123.238792  0.0
 734370.992361  47.889071 -123.306007  0.0
 734370.997222  47.889071 -123.306007  0.0
 734370.997917  47.889071 -123.306007  0.0
 734371.011806  47.933987 -123.238792  0.0
 734371.012500  47.889071 -123.306007  0.0
 734371.045833  47.889071 -123.306007  0.0
 734371.051389  47.933987 -123.104364  0.0
 734371.054861  47.889071 -123.306007  0.0
 734371.058333  47.933987 -123.238792  0.0
 734371.077083  47.933987 -123.238792  0.0
 734372.026389  47.933987 -123.238792  0.0
 734381.977083  47.933987 -122.969935  0.0
 734382.243750  47.933987 -122.969935  0.0
 734382.247222  47.933987 -122.969935  0.0
 734382.247917  47.889071 -122.969935  0.0
 734382.252083  47.889071 -122.969935  1.0
 734382.262500  47.889071 -122.969935  0.0
 734382.279861  47.889071 -122.969935  0.0
 734727.575000  47.933987 -123.104364  0.0
 734727.594444  47.933987 -123.104364  0.0
 734728.056250  47.889071 -122.969935  0.0
 734728.225694  47.889071 -122.969935  0.0
 734728.682639  47.889071 -122.969935  1.0
 734728.975000  47.889071 -122.969935  1.0
 734729.059028  47.889071 -122.969935  0.0
 734729.064583  47.889071 -122.969935  1.0
 734729.088889  47.889071 -122.969935  1.0
 734729.237500  47.933987 -122.969935  0.0
 734729.261806  47.889071 -122.969935  1.0
 734729.286111  47.889071 -122.969935  1.0
 734729.300000  47.933987 -123.104364  0.0
 734729.336806  47.933987 -122.969935  0.0
 734729.337500  47.933987 -123.104364  1.0
 734729.342361  47.933987 -122.969935  0.0
 734729.343056  47.889071 -122.969935  1.0
 734729.344444  47.889071 -122.969935  0.0
 734729.345139  47.889071 -122.969935  0.0
 734729.351389  47.889071 -122.969935  1.0
 734729.352083  47.889071 -122.969935  0.0
 734729.445833  47.889071 -122.969935  1.0
 734729.476389  47.933987 -122.969935  0.0
 734729.479861  47.933987 -122.969935  0.0
 734729.483333  47.933987 -122.969935  0.0
 734729.485417  47.933987 -122.969935  0.0
 734729.488194  47.933987 -122.969935  0.0
 734729.490278  47.933987 -122.969935  0.0
 734729.502083  47.889071 -122.969935  1.0
 734729.503472  47.933987 -122.969935  0.0
 734729.513889  47.933987 -122.969935  0.0
 734729.518750  47.933987 -123.104364  1.0
 734729.519444  47.933987 -123.104364  0.0
 734729.565972  47.933987 -122.969935  0.0
 734729.595139  47.933987 -122.969935  0.0
 734729.600000  47.933987 -123.104364  0.0
 734729.602083  47.933987 -123.104364  0.0
 734729.673611  47.933987 -123.104364  0.0
 734729.676389  47.933987 -122.969935  0.0
 734729.677778  47.933987 -122.969935  0.0
 734729.709722  47.933987 -122.969935  0.0
 734729.740972  47.933987 -122.969935  0.0
 734729.741667  47.933987 -122.969935  0.0
 734729.950694  47.889071 -122.969935  1.0
 734729.951389  47.889071 -122.969935  0.0
 734729.952083  47.889071 -122.969935  1.0
 734729.966667  47.933987 -123.104364  1.0
 734729.968056  47.933987 -123.104364  0.0
 734729.970833  47.889071 -122.969935  1.0
 734729.972222  47.933987 -122.969935  0.0
 734730.156250  47.933987 -123.238792  0.0
 734730.158333  47.933987 -123.238792  0.0
 734730.170139  47.933987 -123.104364  1.0
 734730.172222  47.933987 -122.969935  0.0
 734730.173611  47.889071 -122.969935  1.0
 734730.209028  47.933987 -123.238792  0.0
 734730.210417  47.933987 -123.238792  0.0
 734730.211111  47.889071 -123.306007  0.0
 734730.304861  47.933987 -123.238792  0.0
 734730.334722  47.933987 -123.238792  0.0
 734730.349306  47.889071 -123.306007  0.0
 734730.376389  47.933987 -123.238792  0.0
 734730.386806  47.933987 -123.238792  0.0
 734730.391667  47.933987 -123.238792  0.0
 734730.392361  47.933987 -123.238792  0.0
 734730.396528  47.933987 -123.238792  0.0
 734730.401389  47.933987 -123.238792  0.0
 734730.436806  47.933987 -122.969935  0.0
 734730.443750  47.933987 -123.104364  0.0
 734730.446528  47.933987 -123.238792  0.0
 734730.447222  47.933987 -123.238792  0.0
 734730.447917  47.933987 -123.238792  0.0
 734730.449306  47.933987 -123.238792  0.0
 734730.457639  47.933987 -122.969935  0.0
 734730.497917  47.933987 -123.238792  0.0
 734730.499306  47.933987 -123.238792  0.0
 734730.500000  47.933987 -123.238792  0.0
 734730.502778  47.933987 -123.238792  0.0
 734730.504861  47.933987 -123.238792  0.0
 734730.506250  47.933987 -123.238792  0.0
 734730.506944  47.933987 -123.238792  0.0
 734730.518056  47.933987 -123.104364  0.0
 734730.529167  47.933987 -123.238792  0.0
 734730.534028  47.933987 -123.238792  0.0
 734730.537500  47.933987 -123.238792  0.0
 734730.547917  47.933987 -123.238792  0.0
 734730.549306  47.933987 -123.238792  0.0
 734730.554861  47.933987 -123.238792  0.0
 734730.556250  47.933987 -123.238792  0.0
 734730.558333  47.933987 -123.238792  0.0
 734730.559028  47.933987 -123.238792  0.0
 734730.559722  47.889071 -123.306007  0.0
 734730.570833  47.933987 -123.238792  0.0
 734730.572222  47.933987 -123.238792  0.0
 734730.594444  47.889071 -123.306007  0.0
 734730.596528  47.889071 -123.306007  0.0
 734730.598611  47.933987 -123.238792  0.0
 734730.668056  47.889071 -123.306007  0.0
 734730.700694  47.933987 -123.238792  0.0
 734730.707639  47.933987 -123.238792  0.0
 734730.710417  47.933987 -123.238792  0.0
 734730.720833  47.889071 -123.306007  0.0
 734730.925000  47.933987 -123.238792  0.0
 734730.972222  47.933987 -123.238792  0.0
 734730.973611  47.933987 -123.238792  0.0
 734730.981250  47.933987 -123.238792  0.0
 734730.981944  47.933987 -123.238792  0.0
 734730.988194  47.889071 -123.306007  0.0
 734730.988889  47.933987 -123.238792  0.0
 734730.989583  47.933987 -123.238792  0.0
 734730.990278  47.933987 -123.238792  0.0
 734730.990972  47.933987 -123.238792  0.0
 734730.991667  47.933987 -123.238792  0.0
 734730.992361  47.933987 -123.238792  0.0
 734730.994444  47.933987 -123.238792  0.0
 734730.995139  47.933987 -123.238792  0.0
 734731.030556  47.933987 -123.238792  0.0
 734731.037500  47.933987 -123.238792  0.0
 734731.066667  47.933987 -123.238792  0.0
 734731.070833  47.933987 -123.238792  0.0
 734731.078472  47.889071 -123.306007  0.0
 734731.081944  47.933987 -123.238792  0.0
 734731.084722  47.933987 -123.238792  0.0
 734731.104167  47.933987 -123.238792  0.0
 734731.556944  47.933987 -123.238792  0.0
 734731.558333  47.933987 -123.238792  0.0
 734731.564583  47.933987 -123.238792  0.0
 734731.568056  47.889071 -123.306007  0.0
 734731.572917  47.933987 -123.238792  0.0
 734731.573611  47.933987 -123.238792  0.0
 734731.576389  47.889071 -123.306007  0.0
 734731.577778  47.933987 -123.238792  0.0
 734731.578472  47.933987 -123.238792  0.0
 734731.579167  47.933987 -123.238792  0.0
 734731.583333  47.933987 -123.238792  0.0
 734731.590278  47.933987 -123.238792  0.0
 734731.590972  47.933987 -123.238792  0.0
 734731.593056  47.933987 -123.238792  0.0
 734731.615972  47.933987 -123.104364  0.0
 734732.136806  47.933987 -123.238792  0.0
 734732.140972  47.933987 -123.238792  0.0
 734732.150000  47.933987 -123.238792  0.0
 734732.152083  47.889071 -123.306007  0.0
 734732.154167  47.889071 -123.306007  0.0
 734732.154861  47.933987 -123.238792  0.0
 734732.156944  47.933987 -123.238792  0.0
 734732.158333  47.933987 -123.238792  0.0
 734732.161111  47.933987 -123.238792  0.0
 734732.162500  47.933987 -123.238792  0.0
 734732.163194  47.889071 -123.306007  0.0
 734732.163889  47.933987 -123.238792  0.0
 734732.164583  47.933987 -123.238792  0.0
 734732.168056  47.933987 -123.238792  0.0
 734732.232639  47.933987 -123.238792  0.0
 734732.243056  47.933987 -123.104364  0.0
 734732.247222  47.889071 -122.969935  1.0
 734732.247917  47.889071 -122.969935  1.0
 734732.250000  47.889071 -122.969935  0.0
 734732.251389  47.933987 -122.969935  0.0
 734732.256250  47.933987 -122.969935  0.0
 734732.256944  47.933987 -122.969935  0.0
 734732.269444  47.889071 -122.969935  0.0
 734732.270139  47.933987 -122.969935  0.0
 734732.271528  47.933987 -122.969935  0.0
 734732.272222  47.933987 -122.969935  0.0
 734732.276389  47.933987 -123.104364  0.0
 734732.277083  47.933987 -123.104364  0.0
 734732.280556  47.933987 -122.969935  0.0
 734732.300000  47.933987 -122.969935  0.0
 734732.300694  47.933987 -122.969935  0.0
 734732.302083  47.933987 -122.969935  0.0
 734732.302778  47.933987 -122.969935  0.0
 734732.306250  47.933987 -123.104364  1.0
 734732.306944  47.933987 -122.969935  0.0
 734732.310417  47.933987 -123.104364  0.0
 734732.324306  47.933987 -122.969935  0.0
 734733.145833  47.889071 -123.306007  0.0
 734733.156944  47.933987 -123.238792  0.0
 734733.165278  47.889071 -123.306007  0.0
 734733.165972  47.889071 -123.306007  0.0
 734733.175000  47.889071 -123.306007  0.0
 734733.179861  47.933987 -123.238792  0.0
 734733.180556  47.933987 -123.238792  0.0
 734733.183333  47.933987 -123.238792  0.0
 734733.185417  47.889071 -123.306007  0.0
 734733.187500  47.889071 -123.306007  0.0
 734733.188889  47.933987 -123.238792  0.0
 734733.190972  47.933987 -123.238792  0.0
 734733.193750  47.933987 -123.238792  0.0