 734005.068750  48.190155 -123.277233  0.0
 734032.324306  48.190155 -123.277233  0.0
 734160.995833  48.190155 -123.277233  1.0
 734166.078472  48.190155 -123.277233  0.0
 734176.479861  48.190155 -123.277233  0.0
 734178.072222  48.190155 -123.277233  0.0
 734200.013194  48.190155 -123.277233  0.0
 734205.210417  48.190155 -123.277233  0.0
 734215.479167  48.190155 -123.277233  0.0
 734215.482639  48.190155 -123.277233  1.0
 734215.586806  48.190155 -123.277233  0.0
 734216.057639  48.190155 -123.277233  0.0
 734216.058333  48.190155 -123.277233  0.0
 734216.392361  48.190155 -123.277233  1.0
 734217.137500  48.190155 -123.277233  0.0
 734217.141667  48.190155 -123.277233  0.0
 734217.244444  48.190155 -123.277233  0.0
 734249.750000  48.190155 -123.277233  0.0
 734258.630556  48.190155 -123.277233  0.0
 734268.075000  48.190155 -123.277233  0.0
 734320.206944  48.190155 -123.277233  0.0
 734333.502083  48.190155 -123.277233  0.0
 734351.361111  48.190155 -123.277233  0.0
 734352.013194  48.190155 -123.277233  1.0
 734352.110417  48.190155 -123.277233  0.0
 734352.201389  48.190155 -123.277233  1.0
 734358.649306  48.190155 -123.277233  0.0
 734368.104167  48.190155 -123.277233  1.0
 734368.324306  48.190155 -123.277233  0.0
 734368.358333  48.190155 -123.277233  0.0
 734368.361111  48.190155 -123.277233  0.0
 734368.361806  48.190155 -123.277233  0.0
 734368.376389  48.190155 -123.277233  1.0
 734368.423611  48.190155 -123.277233  0.0
 734368.425000  48.190155 -123.277233  0.0
 734368.442361  48.190155 -123.277233  1.0
 734368.456250  48.190155 -123.277233  0.0
 734368.456944  48.190155 -123.277233  0.0
 734368.479861  48.190155 -123.277233  1.0
 734368.489583  48.190155 -123.277233  0.0
 734368.502083  48.190155 -123.277233  1.0
 734368.503472  48.190155 -123.277233  0.0
 734368.504167  48.190155 -123.277233  1.0
 734368.527083  48.190155 -123.277233  0.0
 734368.576389  48.190155 -123.277233  1.0
 734368.927778  48.190155 -123.277233  1.0
 734369.001389  48.190155 -123.277233  0.0
 734369.150000  48.190155 -123.277233  0.0
 734369.151389  48.190155 -123.277233  0.0
 734369.156250  48.190155 -123.277233  0.0
 734369.161806  48.190155 -123.277233  0.0
 734369.228472  48.190155 -123.277233  0.0
 734369.230556  48.190155 -123.277233  1.0
 734369.249306  48.190155 -123.277233  0.0
 734369.326389  48.190155 -123.277233  1.0
 734369.327778  48.190155 -123.277233  1.0
 734369.328472  48.190155 -123.277233  1.0
 734369.329167  48.190155 -123.277233  1.0
 734369.329861  48.190155 -123.277233  0.0
 734369.330556  48.190155 -123.277233  1.0
 734369.331944  48.190155 -123.277233  0.0
 734369.333333  48.190155 -123.277233  0.0
 734369.337500  48.190155 -123.277233  1.0
 734369.338194  48.190155 -123.277233  0.0
 734369.364583  48.190155 -123.277233  0.0
 734369.365278  48.190155 -123.277233  1.0
 734369.821528  48.190155 -123.277233  1.0
 734369.824306  48.190155 -123.277233  1.0
 734369.825694  48.190155 -123.277233  1.0
 734369.826389  48.190155 -123.277233  1.0
 734369.830556  48.190155 -123.277233  1.0
 734369.912500  48.190155 -123.277233  0.0
 734369.913889  48.190155 -123.277233  0.0
 734369.963889  48.190155 -123.277233  0.0
 734369.964583  48.190155 -123.277233  0.0
 734369.973611  48.190155 -123.277233  1.0
 734370.004861  48.190155 -123.277233  0.0
 734370.006944  48.190155 -123.277233  0.0
 734370.029861  48.190155 -123.277233  0.0
 734370.161111  48.190155 -123.277233  0.0
 734370.171528  48.190155 -123.277233  0.0
 734370.172917  48.190155 -123.277233  0.0
 734370.175000  48.190155 -123.277233  0.0
 734370.175694  48.190155 -123.277233  1.0
 734370.176389  48.190155 -123.277233  1.0
 734370.182639  48.190155 -123.277233  0.0
 734370.183333  48.190155 -123.277233  1.0
 734370.184028  48.190155 -123.277233  1.0
 734370.184722  48.190155 -123.277233  1.0
 734370.185417  48.190155 -123.277233  0.0
 734370.186111  48.190155 -123.277233  1.0
 734370.191667  48.190155 -123.277233  1.0
 734370.193056  48.190155 -123.277233  0.0
 734370.193750  48.190155 -123.277233  1.0
 734370.197222  48.190155 -123.277233  1.0
 734370.197917  48.190155 -123.277233  1.0
 734370.199306  48.190155 -123.277233  1.0
 734370.200000  48.190155 -123.277233  1.0
 734370.232639  48.190155 -123.277233  0.0
 734370.329167  48.190155 -123.277233  0.0
 734370.331250  48.190155 -123.277233  1.0
 734370.356944  48.190155 -123.277233  1.0
 734370.357639  48.190155 -123.277233  1.0
 734370.358333  48.190155 -123.277233  0.0
 734370.376389  48.190155 -123.277233  1.0
 734370.379167  48.190155 -123.277233  0.0
 734370.379861  48.190155 -123.277233  0.0
 734370.381250  48.190155 -123.277233  0.0
 734370.381944  48.190155 -123.277233  0.0
 734370.396528  48.190155 -123.277233  1.0
 734370.420139  48.190155 -123.277233  1.0
 734370.420833  48.190155 -123.277233  0.0
 734370.421528  48.190155 -123.277233  0.0
 734370.422917  48.190155 -123.277233  1.0
 734370.423611  48.190155 -123.277233  0.0
 734370.424306  48.190155 -123.277233  0.0
 734370.425000  48.190155 -123.277233  0.0
 734370.430556  48.190155 -123.277233  1.0
 734370.438194  48.190155 -123.277233  1.0
 734370.454167  48.190155 -123.277233  1.0
 734370.486111  48.190155 -123.277233  0.0
 734370.490278  48.190155 -123.277233  0.0
 734370.492361  48.190155 -123.277233  1.0
 734370.504861  48.190155 -123.277233  1.0
 734370.513889  48.190155 -123.277233  1.0
 734370.520833  48.190155 -123.277233  1.0
 734370.575000  48.190155 -123.277233  0.0
 734370.581250  48.190155 -123.277233  0.0
 734370.581944  48.190155 -123.277233  0.0
 734370.631944  48.190155 -123.277233  1.0
 734370.636111  48.190155 -123.277233  0.0
 734370.636806  48.190155 -123.277233  0.0
 734370.639583  48.190155 -123.277233  1.0
 734370.643056  48.190155 -123.277233  1.0
 734370.819444  48.190155 -123.277233  1.0
 734370.820139  48.190155 -123.277233  1.0
 734370.859722  48.190155 -123.277233  0.0
 734370.870833  48.190155 -123.277233  0.0
 734370.895139  48.190155 -123.277233  1.0
 734370.973611  48.190155 -123.277233  1.0
 734370.979861  48.190155 -123.277233  0.0
 734371.118750  48.190155 -123.277233  0.0
 734371.285417  48.190155 -123.277233  1.0
 734371.288194  48.190155 -123.277233  0.0
 734371.288889  48.190155 -123.277233  0.0
 734371.458333  48.190155 -123.277233  1.0
 734371.519444  48.190155 -123.277233  1.0
 734371.520139  48.190155 -123.277233  0.0
 734371.522917  48.190155 -123.277233  0.0
 734371.523611  48.190155 -123.277233  1.0
 734371.524306  48.190155 -123.277233  1.0
 734371.529861  48.190155 -123.277233  0.0
 734371.543056  48.190155 -123.277233  0.0
 734371.546528  48.190155 -123.277233  0.0
 734371.548611  48.190155 -123.277233  0.0
 734371.566667  48.190155 -123.277233  0.0
 734371.570833  48.190155 -123.277233  1.0
 734371.603472  48.190155 -123.277233  0.0
 734371.929861  48.190155 -123.277233  0.0
 734372.575694  48.190155 -123.277233  0.0
 734372.581944  48.190155 -123.277233  0.0
 734372.618056  48.190155 -123.277233  0.0
 734373.487500  48.190155 -123.277233  0.0
 734373.488889  48.190155 -123.277233  0.0
 734373.539583  48.190155 -123.277233  1.0
 734373.577778  48.190155 -123.277233  1.0
 734373.578472  48.190155 -123.277233  0.0
 734373.579861  48.190155 -123.277233  0.0
 734373.581250  48.190155 -123.277233  0.0
 734373.583333  48.190155 -123.277233  1.0
 734373.584028  48.190155 -123.277233  1.0
 734373.590972  48.190155 -123.277233  0.0
 734373.592361  48.190155 -123.277233  0.0
 734373.593056  48.190155 -123.277233  0.0
 734373.598611  48.190155 -123.277233  0.0
 734373.606944  48.190155 -123.277233  0.0
 734373.607639  48.190155 -123.277233  0.0
 734373.611111  48.190155 -123.277233  1.0
 734373.611806  48.190155 -123.277233  1.0
 734373.613194  48.190155 -123.277233  1.0
 734373.613889  48.190155 -123.277233  0.0
 734373.614583  48.190155 -123.277233  1.0
 734373.615278  48.190155 -123.277233  0.0
 734373.619444  48.190155 -123.277233  1.0
 734373.620139  48.190155 -123.277233  0.0
 734373.620833  48.190155 -123.277233  0.0
 734373.621528  48.190155 -123.277233  0.0
 734373.622222  48.190155 -123.277233  1.0
 734373.622917  48.190155 -123.277233  0.0
 734373.625000  48.190155 -123.277233  0.0
 734373.628472  48.190155 -123.277233  0.0
 734373.629167  48.190155 -123.277233  0.0
 734373.629861  48.190155 -123.277233  0.0
 734373.630556  48.190155 -123.277233  0.0
 734373.632639  48.190155 -123.277233  0.0
 734373.660417  48.190155 -123.277233  0.0
 734373.662500  48.190155 -123.277233  0.0
 734373.677778  48.190155 -123.277233  0.0
 734373.692361  48.190155 -123.277233  0.0
 734374.366667  48.190155 -123.277233  0.0
 734374.842361  48.190155 -123.277233  1.0
 734375.175694  48.190155 -123.277233  0.0
 734375.201389  48.190155 -123.277233  1.0
 734375.204167  48.190155 -123.277233  0.0
 734375.231250  48.190155 -123.277233  0.0
 734375.257639  48.190155 -123.277233  0.0
 734375.600694  48.190155 -123.277233  0.0
 734375.601389  48.190155 -123.277233  1.0
 734377.232639  48.190155 -123.277233  0.0
 734378.549306  48.190155 -123.277233  0.0
 734382.773611  48.190155 -123.277233  0.0
 734382.890972  48.190155 -123.277233  0.0
 734383.229861  48.190155 -123.277233  0.0
 734385.072917  48.190155 -123.277233  0.0
 734385.075000  48.190155 -123.277233  1.0
 734392.751389  48.190155 -123.277233  0.0
 734392.752083  48.190155 -123.277233  1.0
 734392.756944  48.190155 -123.277233  0.0
 734392.757639  48.190155 -123.277233  0.0
 734392.843056  48.190155 -123.277233  0.0
 734392.845833  48.190155 -123.277233  0.0
 734392.890278  48.190155 -123.277233  0.0
 734393.282639  48.190155 -123.277233  0.0
 734733.419444  48.190155 -123.277233  0.0
 734733.426389  48.190155 -123.277233  0.0
 734733.432639  48.190155 -123.277233  0.0
 734733.438194  48.190155 -123.277233  0.0
 734733.440972  48.190155 -123.277233  0.0
 734733.445139  48.190155 -123.277233  0.0
 734733.468750  48.190155 -123.277233  0.0
 734733.510417  48.190155 -123.277233  0.0
 734733.588194  48.190155 -123.277233  0.0
 734733.761806  48.190155 -123.277233  0.0
 734733.794444  48.190155 -123.277233  1.0
 734733.868056  48.190155 -123.277233  0.0
 734733.883333  48.190155 -123.277233  1.0
 734733.897222  48.190155 -123.277233  1.0
 734733.904167  48.190155 -123.277233  0.0
 734734.154167  48.190155 -123.277233  0.0
 734734.155556  48.190155 -123.277233  0.0
 734734.156250  48.190155 -123.277233  0.0
 734734.202778  48.190155 -123.277233  1.0
 734734.218750  48.190155 -123.277233  0.0
 734734.234028  48.190155 -123.277233  0.0
 734734.254167  48.190155 -123.277233  0.0
 734734.321528  48.190155 -123.277233  0.0
 734734.322917  48.190155 -123.277233  1.0
 734734.324306  48.190155 -123.277233  0.0
 734734.327778  48.190155 -123.277233  0.0
 734734.329167  48.190155 -123.277233  0.0
 734734.335417  48.190155 -123.277233  1.0
 734734.381944  48.190155 -123.277233  0.0
 734734.386111  48.190155 -123.277233  0.0
 734734.395833  48.190155 -123.277233  0.0
 734734.423611  48.190155 -123.277233  0.0
 734734.429861  48.190155 -123.277233  0.0
 734734.438194  48.190155 -123.277233  0.0
 734734.442361  48.190155 -123.277233  0.0
 734734.446528  48.190155 -123.277233  0.0
 734734.490972  48.190155 -123.277233  0.0
 734734.493056  48.190155 -123.277233  0.0
 734734.495139  48.190155 -123.277233  1.0
 734734.643056  48.190155 -123.277233  0.0
 734734.643750  48.190155 -123.277233  1.0
 734734.650000  48.190155 -123.277233  0.0
 734734.654167  48.190155 -123.277233  0.0
 734734.697222  48.190155 -123.277233  0.0
 734734.798611  48.190155 -123.277233  0.0
 734734.951389  48.190155 -123.277233  0.0
 734735.020139  48.190155 -123.277233  0.0
 734735.022222  48.190155 -123.277233  1.0
 734735.028472  48.190155 -123.277233  0.0
 734735.030556  48.190155 -123.277233  0.0
 734735.031250  48.190155 -123.277233  1.0
 734735.036806  48.190155 -123.277233  0.0
 734735.037500  48.190155 -123.277233  0.0
 734735.038889  48.190155 -123.277233  1.0
 734735.040278  48.190155 -123.277233  0.0
 734735.044444  48.190155 -123.277233  0.0
 734735.159722  48.190155 -123.277233  0.0
 734735.206250  48.190155 -123.277233  0.0
 734735.219444  48.190155 -123.277233  0.0
 734735.364583  48.190155 -123.277233  0.0
 734735.381250  48.190155 -123.277233  1.0
 734735.634722  48.190155 -123.277233  1.0
 734735.638194  48.190155 -123.277233  0.0
 734735.638889  48.190155 -123.277233  0.0
 734735.648611  48.190155 -123.277233  0.0
 734735.652778  48.190155 -123.277233  0.0
 734735.677083  48.190155 -123.277233  1.0
 734736.202083  48.190155 -123.277233  0.0
 734736.236111  48.190155 -123.277233  0.0
 734736.237500  48.190155 -123.277233  0.0
 734736.241667  48.190155 -123.277233  0.0
 734736.243750  48.190155 -123.277233  1.0
 734736.254861  48.190155 -123.277233  1.0
 734736.256944  48.190155 -123.277233  1.0
 734736.257639  48.190155 -123.277233  1.0
 734736.258333  48.190155 -123.277233  0.0
 734736.259028  48.190155 -123.277233  0.0
 734736.259722  48.190155 -123.277233  1.0
 734736.262500  48.190155 -123.277233  0.0
 734736.270139  48.190155 -123.277233  0.0
 734736.272222  48.190155 -123.277233  1.0
 734736.283333  48.190155 -123.277233  0.0
 734736.284028  48.190155 -123.277233  0.0
 734736.286806  48.190155 -123.277233  0.0
 734737.442361  48.190155 -123.277233  0.0
 734737.463889  48.190155 -123.277233  0.0
 734740.070139  48.190155 -123.277233  0.0
 734740.847222  48.190155 -123.277233  0.0
 734741.243056  48.190155 -123.277233  1.0
 734741.350000  48.190155 -123.277233  0.0
 734741.410417  48.190155 -123.277233  0.0
 734741.454167  48.190155 -123.277233  1.0
 734741.462500  48.190155 -123.277233  0.0
 734741.490972  48.190155 -123.277233  0.0
 734741.502083  48.190155 -123.277233  1.0
 734741.502778  48.190155 -123.277233  1.0
 734741.504167  48.190155 -123.277233  1.0
 734741.504861  48.190155 -123.277233  0.0
 734741.505556  48.190155 -123.277233  0.0
 734741.506250  48.190155 -123.277233  0.0
 734741.515972  48.190155 -123.277233  1.0
 734741.517361  48.190155 -123.277233  1.0
 734741.522222  48.190155 -123.277233  0.0
 734741.522917  48.190155 -123.277233  1.0
 734741.527083  48.190155 -123.277233  0.0
 734741.567361  48.190155 -123.277233  0.0
 734741.576389  48.190155 -123.277233  0.0
 734743.440278  48.190155 -123.277233  0.0
 734750.951389  48.190155 -123.277233  0.0