 734109.143750  48.054938 -123.531612  0.0
 734175.684722  48.054938 -123.531612  1.0
 734191.558333  48.054938 -123.464415  0.0
 734192.414583  48.054938 -123.531612  1.0
 734197.664583  48.054938 -123.464415  0.0
 734220.418750  48.054938 -123.464415  0.0
 734249.438889  48.054938 -123.464415  0.0
 734297.554167  48.054938 -123.464415  0.0
 734297.554861  48.054938 -123.531612  0.0
 734368.222222  48.054938 -123.464415  0.0
 734369.138194  48.054938 -123.464415  0.0
 734369.286111  48.054938 -123.531612  1.0
 734369.286806  48.054938 -123.464415  0.0
 734369.295833  48.054938 -123.464415  0.0
 734369.322917  48.054938 -123.464415  1.0
 734369.522917  48.054938 -123.464415  0.0
 734369.523611  48.054938 -123.531612  0.0
 734369.540278  48.054938 -123.464415  1.0
 734369.613194  48.054938 -123.464415  0.0
 734369.613889  48.054938 -123.464415  0.0
 734369.627778  48.054938 -123.464415  1.0
 734369.781944  48.054938 -123.531612  1.0
 734369.813889  48.054938 -123.464415  1.0
 734370.015278  48.054938 -123.464415  1.0
 734370.019444  48.054938 -123.464415  0.0
 734370.096528  48.054938 -123.464415  1.0
 734370.097917  48.054938 -123.464415  0.0
 734370.129167  48.054938 -123.464415  1.0
 734370.133333  48.054938 -123.531612  0.0
 734370.134028  48.054938 -123.464415  0.0
 734370.138194  48.054938 -123.464415  0.0
 734370.140278  48.054938 -123.531612  1.0
 734370.146528  48.054938 -123.531612  0.0
 734370.147917  48.054938 -123.531612  0.0
 734370.154861  48.054938 -123.531612  1.0
 734370.155556  48.054938 -123.464415  1.0
 734370.204167  48.054938 -123.531612  1.0
 734370.207639  48.054938 -123.464415  1.0
 734370.208333  48.054938 -123.531612  0.0
 734370.209722  48.054938 -123.464415  1.0
 734370.210417  48.054938 -123.464415  1.0
 734370.211111  48.054938 -123.464415  1.0
 734370.212500  48.054938 -123.464415  1.0
 734370.214583  48.054938 -123.464415  0.0
 734370.218750  48.054938 -123.531612  1.0
 734370.220139  48.054938 -123.531612  1.0
 734370.221528  48.054938 -123.464415  0.0
 734370.235417  48.054938 -123.464415  1.0
 734370.244444  48.054938 -123.464415  1.0
 734370.245139  48.054938 -123.531612  1.0
 734370.248611  48.054938 -123.531612  0.0
 734370.255556  48.054938 -123.531612  0.0
 734370.270833  48.054938 -123.464415  1.0
 734370.271528  48.054938 -123.464415  0.0
 734370.291667  48.054938 -123.531612  1.0
 734370.295833  48.054938 -123.464415  1.0
 734370.300000  48.054938 -123.531612  1.0
 734370.302778  48.054938 -123.531612  0.0
 734370.303472  48.054938 -123.464415  0.0
 734370.315278  48.054938 -123.464415  1.0
 734370.316667  48.054938 -123.464415  0.0
 734370.317361  48.054938 -123.464415  1.0
 734370.318750  48.054938 -123.464415  0.0
 734370.319444  48.054938 -123.464415  1.0
 734370.320833  48.054938 -123.464415  0.0
 734370.321528  48.054938 -123.464415  1.0
 734370.335417  48.054938 -123.464415  1.0
 734370.343750  48.054938 -123.464415  0.0
 734370.355556  48.054938 -123.531612  0.0
 734370.363194  48.054938 -123.464415  1.0
 734370.364583  48.054938 -123.464415  0.0
 734370.365972  48.054938 -123.464415  1.0
 734370.366667  48.054938 -123.464415  0.0
 734370.397917  48.054938 -123.464415  0.0
 734370.445139  48.054938 -123.464415  1.0
 734370.459028  48.054938 -123.531612  0.0
 734370.460417  48.054938 -123.531612  0.0
 734370.529167  48.054938 -123.531612  1.0
 734370.532639  48.054938 -123.464415  0.0
 734370.533333  48.054938 -123.464415  0.0
 734370.604167  48.054938 -123.464415  0.0
 734370.605556  48.054938 -123.464415  1.0
 734370.607639  48.054938 -123.464415  0.0
 734370.609028  48.054938 -123.464415  0.0
 734370.611111  48.054938 -123.531612  1.0
 734370.611806  48.054938 -123.531612  1.0
 734370.615972  48.054938 -123.464415  1.0
 734370.617361  48.054938 -123.531612  1.0
 734370.618056  48.054938 -123.464415  1.0
 734370.618750  48.054938 -123.464415  1.0
 734370.619444  48.054938 -123.464415  0.0
 734370.620139  48.054938 -123.464415  0.0
 734370.620833  48.054938 -123.531612  1.0
 734370.627778  48.054938 -123.464415  0.0
 734370.652778  48.054938 -123.464415  0.0
 734370.667361  48.054938 -123.464415  0.0
 734370.718056  48.054938 -123.531612  0.0
 734370.718750  48.054938 -123.464415  1.0
 734370.722222  48.054938 -123.464415  0.0
 734370.723611  48.054938 -123.464415  0.0
 734370.725000  48.054938 -123.464415  0.0
 734370.726389  48.054938 -123.464415  0.0
 734370.759028  48.054938 -123.464415  0.0
 734370.763194  48.054938 -123.531612  0.0
 734370.767361  48.054938 -123.531612  0.0
 734370.775000  48.054938 -123.531612  1.0
 734370.775694  48.054938 -123.531612  1.0
 734370.779861  48.054938 -123.464415  1.0
 734370.782639  48.054938 -123.464415  0.0
 734370.789583  48.054938 -123.531612  0.0
 734370.793750  48.054938 -123.464415  1.0
 734370.794444  48.054938 -123.464415  0.0
 734370.795139  48.054938 -123.531612  1.0
 734370.796528  48.054938 -123.531612  0.0
 734370.797222  48.054938 -123.464415  0.0
 734370.797917  48.054938 -123.464415  1.0
 734370.837500  48.054938 -123.464415  0.0
 734370.847917  48.054938 -123.464415  0.0
 734371.021528  48.054938 -123.531612  0.0
 734371.022222  48.054938 -123.464415  0.0
 734371.032639  48.054938 -123.464415  1.0
 734371.034028  48.054938 -123.464415  1.0
 734371.038889  48.054938 -123.464415  1.0
 734371.041667  48.054938 -123.531612  1.0
 734371.042361  48.054938 -123.464415  1.0
 734371.043056  48.054938 -123.531612  1.0
 734371.078472  48.054938 -123.531612  0.0
 734371.088889  48.054938 -123.464415  0.0
 734371.100000  48.054938 -123.464415  0.0
 734371.100694  48.054938 -123.464415  1.0
 734371.102083  48.054938 -123.464415  0.0
 734371.134722  48.054938 -123.531612  0.0
 734371.164583  48.054938 -123.464415  0.0
 734371.168056  48.054938 -123.464415  0.0
 734371.168750  48.054938 -123.531612  0.0
 734371.174306  48.054938 -123.531612  0.0
 734371.484722  48.054938 -123.531612  0.0
 734371.827083  48.054938 -123.464415  0.0
 734371.829861  48.054938 -123.531612  0.0
 734371.918056  48.054938 -123.531612  0.0
 734371.929167  48.054938 -123.464415  0.0
 734371.950694  48.054938 -123.531612  1.0
 734371.952083  48.054938 -123.464415  1.0
 734371.956944  48.054938 -123.464415  0.0
 734371.957639  48.054938 -123.531612  0.0
 734371.958333  48.054938 -123.531612  0.0
 734371.959722  48.054938 -123.531612  0.0
 734371.960417  48.054938 -123.531612  1.0
 734371.961806  48.054938 -123.464415  0.0
 734371.963889  48.054938 -123.464415  1.0
 734371.965278  48.054938 -123.531612  1.0
 734372.005556  48.054938 -123.464415  0.0
 734372.010417  48.054938 -123.464415  1.0
 734372.011806  48.054938 -123.464415  0.0
 734372.038194  48.054938 -123.464415  0.0
 734372.052083  48.054938 -123.464415  0.0
 734372.063889  48.054938 -123.531612  0.0
 734372.065278  48.054938 -123.531612  1.0
 734372.068056  48.054938 -123.464415  0.0
 734372.349306  48.054938 -123.464415  0.0
 734372.371528  48.054938 -123.464415  0.0
 734372.464583  48.054938 -123.464415  0.0
 734372.473611  48.054938 -123.531612  0.0
 734372.681944  48.054938 -123.531612  0.0
 734372.735417  48.054938 -123.464415  0.0
 734372.852083  48.054938 -123.531612  1.0
 734373.000694  48.054938 -123.464415  0.0
 734373.001389  48.054938 -123.464415  0.0
 734373.024306  48.054938 -123.464415  0.0
 734373.072222  48.054938 -123.531612  0.0
 734373.079167  48.054938 -123.531612  0.0
 734373.081250  48.054938 -123.531612  1.0
 734373.082639  48.054938 -123.464415  1.0
 734373.089583  48.054938 -123.531612  1.0
 734373.090278  48.054938 -123.531612  0.0
 734373.090972  48.054938 -123.531612  1.0
 734373.093750  48.054938 -123.464415  0.0
 734373.096528  48.054938 -123.464415  0.0
 734373.097222  48.054938 -123.531612  1.0
 734373.105556  48.054938 -123.531612  0.0
 734373.310417  48.054938 -123.531612  0.0
 734373.311806  48.054938 -123.464415  0.0
 734373.313194  48.054938 -123.464415  1.0
 734373.370139  48.054938 -123.464415  0.0
 734373.413194  48.054938 -123.531612  1.0
 734373.475694  48.054938 -123.464415  1.0
 734373.556944  48.054938 -123.531612  0.0
 734375.138194  48.054938 -123.464415  0.0
 734375.158333  48.054938 -123.464415  0.0
 734375.172917  48.054938 -123.464415  0.0
 734375.173611  48.054938 -123.464415  1.0
 734375.174306  48.054938 -123.464415  0.0
 734375.184722  48.054938 -123.531612  0.0
 734375.190278  48.054938 -123.531612  1.0
 734375.190972  48.054938 -123.531612  0.0
 734375.195833  48.054938 -123.464415  0.0
 734375.215278  48.054938 -123.531612  0.0
 734375.215972  48.054938 -123.531612  0.0
 734375.217361  48.054938 -123.531612  1.0
 734375.220139  48.054938 -123.531612  0.0
 734375.222222  48.054938 -123.531612  1.0
 734375.227083  48.054938 -123.531612  1.0
 734377.479861  48.054938 -123.464415  0.0
 734377.484722  48.054938 -123.464415  0.0
 734377.623611  48.054938 -123.464415  0.0
 734377.634722  48.054938 -123.464415  1.0
 734377.665278  48.054938 -123.464415  1.0
 734377.676389  48.054938 -123.531612  1.0
 734377.682639  48.054938 -123.464415  0.0
 734383.175694  48.054938 -123.464415  0.0
 734383.202778  48.054938 -123.464415  0.0
 734384.293750  48.054938 -123.531612  0.0
 734384.347222  48.054938 -123.464415  1.0
 734732.477778  48.054938 -123.531612  0.0
 734732.505556  48.054938 -123.464415  0.0
 734733.115278  48.054938 -123.464415  0.0
 734733.128472  48.054938 -123.531612  0.0
 734733.346528  48.054938 -123.531612  1.0
 734733.361806  48.054938 -123.531612  1.0
 734733.513889  48.054938 -123.464415  1.0
 734733.917361  48.054938 -123.531612  1.0
 734733.918750  48.054938 -123.464415  0.0
 734733.920833  48.054938 -123.531612  1.0
 734733.922222  48.054938 -123.464415  1.0
 734733.922917  48.054938 -123.464415  0.0
 734734.005556  48.054938 -123.464415  0.0
 734734.006250  48.054938 -123.531612  1.0
 734734.006944  48.054938 -123.531612  1.0
 734734.036111  48.054938 -123.531612  1.0
 734734.036806  48.054938 -123.464415  0.0
 734734.038889  48.054938 -123.531612  1.0
 734734.039583  48.054938 -123.531612  0.0
 734734.040278  48.054938 -123.531612  1.0
 734734.129167  48.054938 -123.464415  1.0
 734734.272222  48.054938 -123.464415  1.0
 734734.282639  48.054938 -123.531612  0.0
 734734.528472  48.054938 -123.531612  1.0
 734734.613194  48.054938 -123.531612  1.0
 734734.991667  48.054938 -123.464415  0.0
 734734.993750  48.054938 -123.464415  1.0
 734734.995139  48.054938 -123.531612  1.0
 734734.997222  48.054938 -123.464415  1.0
 734734.997917  48.054938 -123.464415  0.0
 734734.999306  48.054938 -123.464415  0.0
 734735.000694  48.054938 -123.531612  1.0
 734735.003472  48.054938 -123.531612  0.0
 734735.004167  48.054938 -123.464415  0.0
 734735.004861  48.054938 -123.531612  1.0
 734735.005556  48.054938 -123.464415  1.0
 734735.065278  48.054938 -123.464415  0.0
 734735.073611  48.054938 -123.531612  0.0
 734735.077083  48.054938 -123.464415  0.0
 734735.081944  48.054938 -123.464415  0.0
 734735.082639  48.054938 -123.464415  1.0
 734735.083333  48.054938 -123.464415  1.0
 734735.084028  48.054938 -123.464415  1.0
 734735.104167  48.054938 -123.464415  1.0
 734735.106250  48.054938 -123.531612  1.0
 734735.141667  48.054938 -123.464415  1.0
 734735.145833  48.054938 -123.464415  0.0
 734735.147917  48.054938 -123.464415  0.0
 734735.253472  48.054938 -123.464415  0.0
 734735.254167  48.054938 -123.464415  0.0
 734735.540972  48.054938 -123.531612  0.0
 734735.831250  48.054938 -123.531612  1.0
 734735.853472  48.054938 -123.464415  0.0
 734736.461111  48.054938 -123.531612  0.0
 734736.679861  48.054938 -123.531612  0.0
 734736.684028  48.054938 -123.531612  0.0
 734736.688889  48.054938 -123.531612  0.0
 734736.697917  48.054938 -123.464415  0.0
 734736.700694  48.054938 -123.464415  0.0
 734736.701389  48.054938 -123.464415  1.0
 734736.704861  48.054938 -123.531612  1.0
 734736.707639  48.054938 -123.464415  0.0
 734736.820139  48.054938 -123.531612  0.0
 734737.082639  48.054938 -123.531612  0.0
 734741.020139  48.054938 -123.464415  0.0
 734741.154861  48.054938 -123.531612  0.0
 734742.593056  48.054938 -123.464415  1.0
 734742.638889  48.054938 -123.531612  0.0
 734742.641667  48.054938 -123.531612  0.0
 734742.655556  48.054938 -123.531612  1.0
 734742.688194  48.054938 -123.464415  0.0
 734742.690972  48.054938 -123.464415  0.0
 734742.693056  48.054938 -123.531612  0.0
 734742.698611  48.054938 -123.464415  0.0
 734742.718056  48.054938 -123.531612  0.0
 734742.722222  48.054938 -123.464415  0.0