   1.19388
   2.61963
  -0.01055
  -0.63769
  -0.58764
   0.58075
   0.05448
   0.05877
  -0.54016
   0.05935
  -0.07609
   0.34064
   0.38253
  -1.51892
  -4.00797
  -0.90118
  -7.96433
  -0.37228
  -2.88447
  -0.00973
   1.99363
   0.39238
   0.92139
  -0.06030
   0.30520
  -0.87817
  -0.43651
   0.05246
  -0.22159
  -1.60188
   0.81853
  -2.64009
  -1.41479
   0.67698
   0.01383
  -0.49390
  -1.13353
  -0.04813
   0.49212
  -0.00480
  -1.44054
   0.04294
  -0.71721
   0.12014
  -1.14123
  -1.69278
  -3.64390
 -14.08770
  -7.04846
  -2.03487
   0.53587
   1.40195
  -0.96782
   1.53908
  -0.84896
  -1.06589
  -0.63193
   0.00000
  -1.39204
   1.99011
  -1.24329
   0.59926
  -0.92531
   1.01781
   0.62749
  -2.61998
  -1.52243
   0.03269
   0.88911
  -1.36102
   1.82384
   1.93656
   1.76560
  -3.22752
   0.42073
   4.32483
