   0.42827
   1.46597
   0.01023
  -0.53966
  -0.62433
   0.12294
  -2.34111
   0.51073
  -0.35249
  -0.18483
  -0.51104
  -0.07160
   0.84788
   0.75148
   4.45698
   0.01412
   2.00257
   1.20980
  -0.04275
   1.53798
   0.14584
   1.70145
  -0.07644
   1.89635
   2.61235
   0.61988
   0.08853
   0.42421
   1.43602
  -1.03788
  -2.27421
  -2.27200
  -0.16286
  -0.62525
  -0.66556
  -1.26492
   1.12589
  -0.06430
   0.69610
   2.60381
  -0.61578
  -0.36227
  -0.35094
  -0.28765
   0.81536
   0.80447
   0.05740
   0.20078
   0.18469
  -0.10771
  -2.50014
  -1.01940
  -0.59372
  -1.77338
  -1.08616
   0.27888
   1.28251
   1.25865
   1.95944
   0.05780
   0.45878
  -1.73533
  -1.89591
  -1.74881
  -0.07773
  -0.82075
  -3.11195
  -0.94615
  -1.01627
  -1.36117
  -0.89492
  -0.35002
  -1.07951
   0.10110
   2.06810
   0.00907
  -0.07205
