-123.421 48.006 -123.37 48.017 -34.4419563317331
-123.421 48.051 -123.356 48.068 -35.0880773318577
-123.354 48.006 -123.323 48.01 -35.0941022751963
-123.354 48.051 -123.366 48.03 -34.6136784081976
-123.354 48.096 -123.356 48.099 -35.3806497423544
-123.286 47.871 -123.228 47.901 -35.940120759606
-123.286 47.916 -123.222 47.9 -36.0382747352728
-123.286 47.961 -123.258 47.92 -35.5353274544778
-123.286 48.006 -123.295 47.987 -35.3285797419115
-123.286 48.051 -123.277 48.02 -35.889250398286
-123.286 48.096 -123.281 48.1 -36.5043419182628
-123.219 47.871 -123.175 47.855 -36.6643604073893
-123.219 47.961 -123.23 47.931 -36.0819956918027
-123.219 48.006 -123.213 48.016 -36.9090431980959
-123.219 48.051 -123.23 47.99 -36.4335519986137
-123.219 48.096 -123.253 48.095 -36.8852347039167
-123.152 47.871 -123.145 47.835 -37.1339491962653
-123.152 47.916 -123.143 47.907 -37.4763991454024
-123.152 47.961 -123.245 47.985 -36.1477058850431
-123.084 47.961 -123.115 47.975 -38.3305669360565
-123.017 48.096 -122.925 48.115 -42.4958793801428
-122.95 48.006 -122.942 47.83 -40.7889712858523
-122.95 48.051 -122.9 48.075 -42.6046520260674
