-123.265 47.822 -123.214 47.821 -35.8341500614819
-123.265 47.867 -123.166 47.882 -36.9345027434801
-123.198 47.822 -123.126 47.81 -37.3874302894692
-123.198 47.867 -123.146 47.857 -37.2003632197844
-123.198 47.957 -123.186 47.947 -36.9283824768188
-123.198 48.002 -123.201 48 -36.9913622943952
-123.131 47.867 -123.121 47.82 -37.5169201449824
-123.063 47.822 -123.065 47.728 -38.299731703303
-123.063 47.957 -123.093 47.987 -38.7767239032506
-122.996 47.957 -123.043 47.984 -39.63151000409
-122.929 48.047 -122.93 47.99 -41.60696406005
