-2.500000000000000000e+01 -2.500000000000000000e+01 -2.908951053027901423e+01
-2.000000000000000000e+01 -2.500000000000000000e+01 -3.013398033145073640e+01
-1.500000000000000000e+01 -2.500000000000000000e+01 -3.121953851945546887e+01
-1.000000000000000000e+01 -2.500000000000000000e+01 -3.235174730759607797e+01
-5.000000000000000000e+00 -2.500000000000000000e+01 -3.353616890917547977e+01
0.000000000000000000e+00 -2.500000000000000000e+01 -3.477836553749579451e+01
5.000000000000000000e+00 -2.500000000000000000e+01 -3.608389940585990274e+01
1.000000000000000000e+01 -2.500000000000000000e+01 -3.745833272757075605e+01
1.500000000000000000e+01 -2.500000000000000000e+01 -3.890722771593042495e+01
2.000000000000000000e+01 -2.500000000000000000e+01 -4.043614658424181130e+01
2.500000000000000000e+01 -2.500000000000000000e+01 -4.205065154580792353e+01
-2.500000000000000000e+01 -2.000000000000000000e+01 -2.977107443879522464e+01
-2.000000000000000000e+01 -2.000000000000000000e+01 -3.081453076637355082e+01
-1.500000000000000000e+01 -2.000000000000000000e+01 -3.189906471653475251e+01
-1.000000000000000000e+01 -2.000000000000000000e+01 -3.303020808238050421e+01
-5.000000000000000000e+00 -2.000000000000000000e+01 -3.421349265701248044e+01
0.000000000000000000e+00 -2.000000000000000000e+01 -3.545445023353163805e+01
5.000000000000000000e+00 -2.000000000000000000e+01 -3.675861260503964445e+01
1.000000000000000000e+01 -2.000000000000000000e+01 -3.813151156463824520e+01
1.500000000000000000e+01 -2.000000000000000000e+01 -3.957867890542829059e+01
2.000000000000000000e+01 -2.000000000000000000e+01 -4.110564642051150486e+01
2.500000000000000000e+01 -2.000000000000000000e+01 -4.271794590298968330e+01
-2.500000000000000000e+01 -1.500000000000000000e+01 -3.052188351440157277e+01
-2.000000000000000000e+01 -1.500000000000000000e+01 -3.156445594744460692e+01
-1.500000000000000000e+01 -1.500000000000000000e+01 -3.264808108511074636e+01
-1.000000000000000000e+01 -1.500000000000000000e+01 -3.377825435700454904e+01
-5.000000000000000000e+00 -1.500000000000000000e+01 -3.496047119273053028e+01
0.000000000000000000e+00 -1.500000000000000000e+01 -3.620022702189254460e+01
5.000000000000000000e+00 -1.500000000000000000e+01 -3.750301727409511443e+01
1.000000000000000000e+01 -1.500000000000000000e+01 -3.887433737894283325e+01
1.500000000000000000e+01 -1.500000000000000000e+01 -4.031968276603944190e+01
2.000000000000000000e+01 -1.500000000000000000e+01 -4.184454886498953385e+01
2.500000000000000000e+01 -1.500000000000000000e+01 -4.345443110539777365e+01
-2.500000000000000000e+01 -1.000000000000000000e+01 -3.134308133246579331e+01
-2.000000000000000000e+01 -1.000000000000000000e+01 -3.238491374013749891e+01
-1.500000000000000000e+01 -1.000000000000000000e+01 -3.346775830501689342e+01
-1.000000000000000000e+01 -1.000000000000000000e+01 -3.459706762212104536e+01
-5.000000000000000000e+00 -1.000000000000000000e+01 -3.577829428646704457e+01
0.000000000000000000e+00 -1.000000000000000000e+01 -3.701689089307123481e+01
5.000000000000000000e+00 -1.000000000000000000e+01 -3.831831003695072013e+01
1.000000000000000000e+01 -1.000000000000000000e+01 -3.968800431312261168e+01
1.500000000000000000e+01 -1.000000000000000000e+01 -4.113142631660321058e+01
2.000000000000000000e+01 -1.000000000000000000e+01 -4.265402864240962089e+01
2.500000000000000000e+01 -1.000000000000000000e+01 -4.426126388555906033e+01
-2.500000000000000000e+01 -5.000000000000000000e+00 -3.223581146835559252e+01
-2.000000000000000000e+01 -5.000000000000000000e+00 -3.327706200992583518e+01
-1.500000000000000000e+01 -5.000000000000000000e+00 -3.435926705608662957e+01
-1.000000000000000000e+01 -5.000000000000000000e+00 -3.548782936838286872e+01
-5.000000000000000000e+00 -5.000000000000000000e+00 -3.666815170835941728e+01
0.000000000000000000e+00 -5.000000000000000000e+00 -3.790563683756048619e+01
5.000000000000000000e+00 -5.000000000000000000e+00 -3.920568751753092585e+01
1.000000000000000000e+01 -5.000000000000000000e+00 -4.057370650981572169e+01
1.500000000000000000e+01 -5.000000000000000000e+00 -4.201509657595893543e+01
2.000000000000000000e+01 -5.000000000000000000e+00 -4.353526047750551697e+01
2.500000000000000000e+01 -5.000000000000000000e+00 -4.513960097600047305e+01
-2.500000000000000000e+01 0.000000000000000000e+00 -3.320121749743870510e+01
-2.000000000000000000e+01 0.000000000000000000e+00 -3.424205862228319575e+01
-1.500000000000000000e+01 0.000000000000000000e+00 -3.532377801815338358e+01
-1.000000000000000000e+01 0.000000000000000000e+00 -3.645172108644283071e+01
-5.000000000000000000e+00 0.000000000000000000e+00 -3.763123322854507080e+01
0.000000000000000000e+00 0.000000000000000000e+00 -3.886765984585301226e+01
5.000000000000000000e+00 0.000000000000000000e+00 -4.016634633976018165e+01
1.000000000000000000e+01 0.000000000000000000e+00 -4.153263811166025476e+01
1.500000000000000000e+01 0.000000000000000000e+00 -4.297188056294597658e+01
2.000000000000000000e+01 0.000000000000000000e+00 -4.448941909501095893e+01
2.500000000000000000e+01 0.000000000000000000e+00 -4.609059910924890602e+01
-2.500000000000000000e+01 5.000000000000000000e+00 -3.424044299508284439e+01
-2.000000000000000000e+01 5.000000000000000000e+00 -3.528106144268319611e+01
-1.500000000000000000e+01 5.000000000000000000e+00 -3.636246187105059136e+01
-1.000000000000000000e+01 5.000000000000000000e+00 -3.748992426695375002e+01
-5.000000000000000000e+00 5.000000000000000000e+00 -3.866872861716140619e+01
0.000000000000000000e+00 5.000000000000000000e+00 -3.990415490844154789e+01
5.000000000000000000e+00 5.000000000000000000e+00 -4.120148312756292341e+01
1.000000000000000000e+01 5.000000000000000000e+00 -4.256599326129430239e+01
1.500000000000000000e+01 5.000000000000000000e+00 -4.400296529640363730e+01
2.000000000000000000e+01 5.000000000000000000e+00 -4.551767921965966224e+01
2.500000000000000000e+01 5.000000000000000000e+00 -4.711541501783123920e+01
-2.500000000000000000e+01 1.000000000000000000e+01 -3.535463153665572378e+01
-2.000000000000000000e+01 1.000000000000000000e+01 -3.639522833659941625e+01
-1.500000000000000000e+01 1.000000000000000000e+01 -3.747648929461168876e+01
-1.000000000000000000e+01 1.000000000000000000e+01 -3.860362040056852351e+01
-5.000000000000000000e+00 1.000000000000000000e+01 -3.978182764434582452e+01
0.000000000000000000e+00 1.000000000000000000e+01 -4.101631701581886347e+01
5.000000000000000000e+00 1.000000000000000000e+01 -4.231229450486358701e+01
1.000000000000000000e+01 1.000000000000000000e+01 -4.367496610135600577e+01
1.500000000000000000e+01 1.000000000000000000e+01 -4.510953779517127771e+01
2.000000000000000000e+01 1.000000000000000000e+01 -4.662121557618538503e+01
2.500000000000000000e+01 1.000000000000000000e+01 -4.821520543427439520e+01
-2.500000000000000000e+01 1.500000000000000000e+01 -3.654492669752509926e+01
-2.000000000000000000e+01 1.500000000000000000e+01 -3.758571716950545749e+01
-1.500000000000000000e+01 1.500000000000000000e+01 -3.866703096867011169e+01
-1.000000000000000000e+01 1.500000000000000000e+01 -3.979399097793991302e+01
-5.000000000000000000e+00 1.500000000000000000e+01 -4.097172008023573397e+01
0.000000000000000000e+00 1.500000000000000000e+01 -4.220534115847769385e+01
5.000000000000000000e+00 1.500000000000000000e+01 -4.349997709558660830e+01
1.000000000000000000e+01 1.500000000000000000e+01 -4.486075077448344217e+01
1.500000000000000000e+01 1.500000000000000000e+01 -4.629278507808822241e+01
2.000000000000000000e+01 1.500000000000000000e+01 -4.780120288932182859e+01
2.500000000000000000e+01 1.500000000000000000e+01 -4.939112709110526112e+01
-2.500000000000000000e+01 2.000000000000000000e+01 -3.781247205305866999e+01
-2.000000000000000000e+01 2.000000000000000000e+01 -3.885368580687491402e+01
-1.500000000000000000e+01 2.000000000000000000e+01 -3.993525757305930313e+01
-1.000000000000000000e+01 2.000000000000000000e+01 -4.106221748972084384e+01
-5.000000000000000000e+00 2.000000000000000000e+01 -4.223959569496855693e+01
0.000000000000000000e+00 2.000000000000000000e+01 -4.347242232691075969e+01
5.000000000000000000e+00 2.000000000000000000e+01 -4.476572752365645158e+01
1.000000000000000000e+01 2.000000000000000000e+01 -4.612454142331473861e+01
1.500000000000000000e+01 2.000000000000000000e+01 -4.755389416399382441e+01
2.000000000000000000e+01 2.000000000000000000e+01 -4.905881588380277947e+01
2.500000000000000000e+01 2.000000000000000000e+01 -5.064433672085073823e+01
-2.500000000000000000e+01 2.500000000000000000e+01 -3.915841117862416354e+01
-2.000000000000000000e+01 2.500000000000000000e+01 -4.020029211418140136e+01
-1.500000000000000000e+01 2.500000000000000000e+01 -4.128233978761269185e+01
-1.000000000000000000e+01 2.500000000000000000e+01 -4.240948142656409914e+01
-5.000000000000000000e+00 2.500000000000000000e+01 -4.358664425868168735e+01
0.000000000000000000e+00 2.500000000000000000e+01 -4.481875551161081717e+01
5.000000000000000000e+00 2.500000000000000000e+01 -4.611074241299753140e+01
1.000000000000000000e+01 2.500000000000000000e+01 -4.746753219048797234e+01
1.500000000000000000e+01 2.500000000000000000e+01 -4.889405207172740830e+01
2.000000000000000000e+01 2.500000000000000000e+01 -5.039522928436193183e+01
2.500000000000000000e+01 2.500000000000000000e+01 -5.197599105603772074e+01
