-1.234210000000000065e+02 4.800600000000000023e+01 -1.233700000000000045e+02 4.801700000000000301e+01 -3.422781435152382556e+01
-1.234210000000000065e+02 4.805100000000000193e+01 -1.233559999999999945e+02 4.806799999999999784e+01 -3.565457008003613737e+01
-1.233539999999999992e+02 4.800600000000000023e+01 -1.233229999999999933e+02 4.800999999999999801e+01 -3.481484592847553472e+01
-1.233539999999999992e+02 4.805100000000000193e+01 -1.233659999999999997e+02 4.803000000000000114e+01 -3.458894283783155998e+01
-1.233539999999999992e+02 4.809599999999999653e+01 -1.233559999999999945e+02 4.809899999999999665e+01 -3.643570081423947471e+01
-1.232860000000000014e+02 4.787100000000000222e+01 -1.232279999999999944e+02 4.790100000000000335e+01 -3.415760998236540757e+01
-1.232860000000000014e+02 4.791599999999999682e+01 -1.232219999999999942e+02 4.789999999999999858e+01 -3.424188759677608118e+01
-1.232860000000000014e+02 4.796099999999999852e+01 -1.232579999999999956e+02 4.792000000000000171e+01 -3.400796394502258124e+01
-1.232860000000000014e+02 4.800600000000000023e+01 -1.232950000000000017e+02 4.798700000000000188e+01 -3.476198364113147932e+01
-1.232860000000000014e+02 4.805100000000000193e+01 -1.232770000000000010e+02 4.802000000000000313e+01 -3.579105484943459459e+01
-1.232860000000000014e+02 4.809599999999999653e+01 -1.232810000000000059e+02 4.810000000000000142e+01 -3.767013147590687794e+01
-1.232189999999999941e+02 4.787100000000000222e+01 -1.231749999999999972e+02 4.785499999999999687e+01 -3.426696529903225041e+01
-1.232189999999999941e+02 4.796099999999999852e+01 -1.232300000000000040e+02 4.793099999999999739e+01 -3.469451182820925084e+01
-1.232189999999999941e+02 4.800600000000000023e+01 -1.232129999999999939e+02 4.801599999999999824e+01 -3.678025940292057783e+01
-1.232189999999999941e+02 4.805100000000000193e+01 -1.232300000000000040e+02 4.799000000000000199e+01 -3.591206219642624831e+01
-1.232189999999999941e+02 4.809599999999999653e+01 -1.232530000000000001e+02 4.809499999999999886e+01 -3.800713686543556946e+01
-1.231520000000000010e+02 4.787100000000000222e+01 -1.231449999999999960e+02 4.783500000000000085e+01 -3.447454901636771751e+01
-1.231520000000000010e+02 4.791599999999999682e+01 -1.231430000000000007e+02 4.790699999999999648e+01 -3.576482794079964123e+01
-1.231520000000000010e+02 4.796099999999999852e+01 -1.232450000000000045e+02 4.798499999999999943e+01 -3.554951133900051730e+01
-1.230840000000000032e+02 4.796099999999999852e+01 -1.231149999999999949e+02 4.797500000000000142e+01 -3.763034669024876422e+01
-1.230169999999999959e+02 4.809599999999999653e+01 -1.229249999999999972e+02 4.811500000000000199e+01 -4.470698990670936723e+01
-1.229500000000000028e+02 4.800600000000000023e+01 -1.229419999999999931e+02 4.782999999999999829e+01 -3.836488444095328987e+01
-1.229500000000000028e+02 4.805100000000000193e+01 -1.229000000000000057e+02 4.807500000000000284e+01 -4.422312434797510861e+01
