-1.232650000000000006e+02 4.782200000000000273e+01 -1.232139999999999986e+02 4.782099999999999795e+01 -3.303067675093772948e+01
-1.232650000000000006e+02 4.786699999999999733e+01 -1.231659999999999968e+02 4.788199999999999790e+01 -3.489513220440989016e+01
-1.231979999999999933e+02 4.782200000000000273e+01 -1.231260000000000048e+02 4.781000000000000227e+01 -3.442822472401678624e+01
-1.231979999999999933e+02 4.786699999999999733e+01 -1.231460000000000008e+02 4.785699999999999932e+01 -3.482034562131815392e+01
-1.231979999999999933e+02 4.795700000000000074e+01 -1.231860000000000070e+02 4.794700000000000273e+01 -3.577394516361373178e+01
-1.231979999999999933e+02 4.800200000000000244e+01 -1.232009999999999934e+02 4.800000000000000000e+01 -3.663008559980966794e+01
-1.231310000000000002e+02 4.786699999999999733e+01 -1.231209999999999951e+02 4.782000000000000028e+01 -3.467488469526080763e+01
-1.230630000000000024e+02 4.782200000000000273e+01 -1.230649999999999977e+02 4.772800000000000153e+01 -3.443744439483235453e+01
-1.230630000000000024e+02 4.795700000000000074e+01 -1.230930000000000035e+02 4.798700000000000188e+01 -3.829587838459021043e+01
-1.229959999999999951e+02 4.795700000000000074e+01 -1.230430000000000064e+02 4.798400000000000176e+01 -3.918674427966004714e+01
-1.229290000000000020e+02 4.804699999999999704e+01 -1.229300000000000068e+02 4.799000000000000199e+01 -4.161248006825513812e+01
