-2.500000000000000000e+01 -2.500000000000000000e+01 -3.092547866814467028e+01
-2.000000000000000000e+01 -2.500000000000000000e+01 -3.207414475549656174e+01
-1.500000000000000000e+01 -2.500000000000000000e+01 -3.327677836646589071e+01
-1.000000000000000000e+01 -2.500000000000000000e+01 -3.453895275013395150e+01
-5.000000000000000000e+00 -2.500000000000000000e+01 -3.586624115558132075e+01
0.000000000000000000e+00 -2.500000000000000000e+01 -3.726421683188878831e+01
5.000000000000000000e+00 -2.500000000000000000e+01 -3.873845302813715819e+01
1.000000000000000000e+01 -2.500000000000000000e+01 -4.029452299340726285e+01
1.500000000000000000e+01 -2.500000000000000000e+01 -4.193799997677987790e+01
2.000000000000000000e+01 -2.500000000000000000e+01 -4.367445722733545210e+01
2.500000000000000000e+01 -2.500000000000000000e+01 -4.550946799415552846e+01
-2.500000000000000000e+01 -2.000000000000000000e+01 -3.153106154352936130e+01
-2.000000000000000000e+01 -2.000000000000000000e+01 -3.267856037284928306e+01
-1.500000000000000000e+01 -2.000000000000000000e+01 -3.387997250317676645e+01
-1.000000000000000000e+01 -2.000000000000000000e+01 -3.514084664620757081e+01
-5.000000000000000000e+00 -2.000000000000000000e+01 -3.646673151363669518e+01
0.000000000000000000e+00 -2.000000000000000000e+01 -3.786317581715938729e+01
5.000000000000000000e+00 -2.000000000000000000e+01 -3.933572826847087356e+01
1.000000000000000000e+01 -2.000000000000000000e+01 -4.088993757926643724e+01
1.500000000000000000e+01 -2.000000000000000000e+01 -4.253135246124128344e+01
2.000000000000000000e+01 -2.000000000000000000e+01 -4.426552162609030461e+01
2.500000000000000000e+01 -2.000000000000000000e+01 -4.609799378550946614e+01
-2.500000000000000000e+01 -1.500000000000000000e+01 -3.220490239603246607e+01
-2.000000000000000000e+01 -1.500000000000000000e+01 -3.335131062218046338e+01
-1.500000000000000000e+01 -1.500000000000000000e+01 -3.455155292528905164e+01
-1.000000000000000000e+01 -1.500000000000000000e+01 -3.581114812022175897e+01
-5.000000000000000000e+00 -1.500000000000000000e+01 -3.713561502184137453e+01
0.000000000000000000e+00 -1.500000000000000000e+01 -3.853047244501091484e+01
5.000000000000000000e+00 -1.500000000000000000e+01 -4.000123920459338933e+01
1.000000000000000000e+01 -1.500000000000000000e+01 -4.155343411545186427e+01
1.500000000000000000e+01 -1.500000000000000000e+01 -4.319257599244932777e+01
2.000000000000000000e+01 -1.500000000000000000e+01 -4.492418365044845530e+01
2.500000000000000000e+01 -1.500000000000000000e+01 -4.675377590431298813e+01
-2.500000000000000000e+01 -1.000000000000000000e+01 -3.294817565231588929e+01
-2.000000000000000000e+01 -1.000000000000000000e+01 -3.409357997060252643e+01
-1.500000000000000000e+01 -1.000000000000000000e+01 -3.529271144362805757e+01
-1.000000000000000000e+01 -1.000000000000000000e+01 -3.655105310366510452e+01
-5.000000000000000000e+00 -1.000000000000000000e+01 -3.787408798298556434e+01
0.000000000000000000e+00 -1.000000000000000000e+01 -3.926729911386156147e+01
5.000000000000000000e+00 -1.000000000000000000e+01 -4.073616952856522744e+01
1.000000000000000000e+01 -1.000000000000000000e+01 -4.228618225936868669e+01
1.500000000000000000e+01 -1.000000000000000000e+01 -4.392282033854406365e+01
2.000000000000000000e+01 -1.000000000000000000e+01 -4.565156679836312037e+01
2.500000000000000000e+01 -1.000000000000000000e+01 -4.747790467109871315e+01
-2.500000000000000000e+01 -5.000000000000000000e+00 -3.376205573904153567e+01
-2.000000000000000000e+01 -5.000000000000000000e+00 -3.490655288522785327e+01
-1.500000000000000000e+01 -5.000000000000000000e+00 -3.610463986901905997e+01
-1.000000000000000000e+01 -5.000000000000000000e+00 -3.736175752802617467e+01
-5.000000000000000000e+00 -5.000000000000000000e+00 -3.868334669985949859e+01
0.000000000000000000e+00 -5.000000000000000000e+00 -4.007484822212955322e+01
5.000000000000000000e+00 -5.000000000000000000e+00 -4.154170293244687429e+01
1.000000000000000000e+01 -5.000000000000000000e+00 -4.308935166842201880e+01
1.500000000000000000e+01 -5.000000000000000000e+00 -4.472323526766550117e+01
2.000000000000000000e+01 -5.000000000000000000e+00 -4.644879456778750182e+01
2.500000000000000000e+01 -5.000000000000000000e+00 -4.827147040639925990e+01
-2.500000000000000000e+01 0.000000000000000000e+00 -3.464771708287129570e+01
-2.000000000000000000e+01 0.000000000000000000e+00 -3.579141383316888181e+01
-1.500000000000000000e+01 0.000000000000000000e+00 -3.698853001228739856e+01
-1.000000000000000000e+01 0.000000000000000000e+00 -3.824445732479357218e+01
-5.000000000000000000e+00 0.000000000000000000e+00 -3.956458747525341124e+01
0.000000000000000000e+00 0.000000000000000000e+00 -4.095431216823310905e+01
5.000000000000000000e+00 0.000000000000000000e+00 -4.241902310829890155e+01
1.000000000000000000e+01 0.000000000000000000e+00 -4.396411200001703179e+01
1.500000000000000000e+01 0.000000000000000000e+00 -4.559497054795372151e+01
2.000000000000000000e+01 0.000000000000000000e+00 -4.731699045667482295e+01
2.500000000000000000e+01 0.000000000000000000e+00 -4.913556343074727550e+01
-2.500000000000000000e+01 5.000000000000000000e+00 -3.560633411046708119e+01
-2.000000000000000000e+01 5.000000000000000000e+00 -3.674934728153799313e+01
-1.500000000000000000e+01 5.000000000000000000e+00 -3.794557368425835620e+01
-1.000000000000000000e+01 5.000000000000000000e+00 -3.920034842545587850e+01
-5.000000000000000000e+00 5.000000000000000000e+00 -4.051900661195750075e+01
0.000000000000000000e+00 5.000000000000000000e+00 -4.190688335059041947e+01
5.000000000000000000e+00 5.000000000000000000e+00 -4.336931374818178853e+01
1.000000000000000000e+01 5.000000000000000000e+00 -4.491163291155884707e+01
1.500000000000000000e+01 5.000000000000000000e+00 -4.653917594754873477e+01
2.000000000000000000e+01 5.000000000000000000e+00 -4.825727796297828576e+01
2.500000000000000000e+01 5.000000000000000000e+00 -5.007127406467540709e+01
-2.500000000000000000e+01 1.000000000000000000e+01 -3.663908124849080394e+01
-2.000000000000000000e+01 1.000000000000000000e+01 -3.778153769744756829e+01
-1.500000000000000000e+01 1.000000000000000000e+01 -3.897696269575722994e+01
-1.000000000000000000e+01 1.000000000000000000e+01 -4.023062676150166794e+01
-5.000000000000000000e+00 1.000000000000000000e+01 -4.154780041276202240e+01
0.000000000000000000e+00 1.000000000000000000e+01 -4.293375416761970342e+01
5.000000000000000000e+00 1.000000000000000000e+01 -4.439375854415607847e+01
1.000000000000000000e+01 1.000000000000000000e+01 -4.593308406045258607e+01
1.500000000000000000e+01 1.000000000000000000e+01 -4.755700123459058659e+01
2.000000000000000000e+01 1.000000000000000000e+01 -4.927078058465110644e+01
2.500000000000000000e+01 1.000000000000000000e+01 -5.107969262871627336e+01
-2.500000000000000000e+01 1.500000000000000000e+01 -3.774713292360434025e+01
-2.000000000000000000e+01 1.500000000000000000e+01 -3.888916954801005943e+01
-1.500000000000000000e+01 1.500000000000000000e+01 -4.008388885760933817e+01
-1.000000000000000000e+01 1.500000000000000000e+01 -4.133648826441950774e+01
-5.000000000000000000e+00 1.500000000000000000e+01 -4.265216518045717464e+01
0.000000000000000000e+00 1.500000000000000000e+01 -4.403611701773915854e+01
5.000000000000000000e+00 1.500000000000000000e+01 -4.549354118828227911e+01
1.000000000000000000e+01 1.500000000000000000e+01 -4.702963510410339154e+01
1.500000000000000000e+01 1.500000000000000000e+01 -4.864959617721930840e+01
2.000000000000000000e+01 1.500000000000000000e+01 -5.035862181964648698e+01
2.500000000000000000e+01 1.500000000000000000e+01 -5.216190944340251434e+01
-2.500000000000000000e+01 2.000000000000000000e+01 -3.893166356246960902e+01
-2.000000000000000000e+01 2.000000000000000000e+01 -4.007342730033784051e+01
-1.500000000000000000e+01 2.000000000000000000e+01 -4.126754398063997797e+01
-1.000000000000000000e+01 2.000000000000000000e+01 -4.251912886569801486e+01
-5.000000000000000000e+00 2.000000000000000000e+01 -4.383329721783321986e+01
0.000000000000000000e+00 2.000000000000000000e+01 -4.521516429936701087e+01
5.000000000000000000e+00 2.000000000000000000e+01 -4.666984537262091237e+01
1.000000000000000000e+01 2.000000000000000000e+01 -4.820245569991640622e+01
1.500000000000000000e+01 2.000000000000000000e+01 -4.981811054357494584e+01
2.000000000000000000e+01 2.000000000000000000e+01 -5.152192516591767912e+01
2.500000000000000000e+01 2.000000000000000000e+01 -5.331901482926676294e+01
-2.500000000000000000e+01 2.500000000000000000e+01 -4.019384759174855049e+01
-2.000000000000000000e+01 2.500000000000000000e+01 -4.133549542154333523e+01
-1.500000000000000000e+01 2.500000000000000000e+01 -4.252911987567448904e+01
-1.000000000000000000e+01 2.500000000000000000e+01 -4.377974449682579206e+01
-5.000000000000000000e+00 2.500000000000000000e+01 -4.509239282768036361e+01
0.000000000000000000e+00 2.500000000000000000e+01 -4.647208841092150777e+01
5.000000000000000000e+00 2.500000000000000000e+01 -4.792385478923252151e+01
1.000000000000000000e+01 2.500000000000000000e+01 -4.945271550529677995e+01
1.500000000000000000e+01 2.500000000000000000e+01 -5.106369410179756585e+01
2.000000000000000000e+01 2.500000000000000000e+01 -5.276181412141786353e+01
2.500000000000000000e+01 2.500000000000000000e+01 -5.455209910684168051e+01
