-2.500000000000000000e+01 -2.500000000000000000e+01 -3.111827855406463073e+01
-2.000000000000000000e+01 -2.500000000000000000e+01 -3.225800377686597642e+01
-1.500000000000000000e+01 -2.500000000000000000e+01 -3.350948939932158055e+01
-1.000000000000000000e+01 -2.500000000000000000e+01 -3.479165761042267491e+01
-5.000000000000000000e+00 -2.500000000000000000e+01 -3.612439351294565881e+01
0.000000000000000000e+00 -2.500000000000000000e+01 -3.745712941546835850e+01
5.000000000000000000e+00 -2.500000000000000000e+01 -3.878986531799105819e+01
1.000000000000000000e+01 -2.500000000000000000e+01 -4.011990221208801444e+01
1.500000000000000000e+01 -2.500000000000000000e+01 -4.144989200233516158e+01
2.000000000000000000e+01 -2.500000000000000000e+01 -4.589832908499275277e+01
2.500000000000000000e+01 -2.500000000000000000e+01 -4.278752282618090419e+01
-2.500000000000000000e+01 -2.000000000000000000e+01 -3.148114247590923043e+01
-2.000000000000000000e+01 -2.000000000000000000e+01 -3.263771012494023438e+01
-1.500000000000000000e+01 -2.000000000000000000e+01 -3.395385914963694063e+01
-1.000000000000000000e+01 -2.000000000000000000e+01 -3.527341328047666025e+01
-5.000000000000000000e+00 -2.000000000000000000e+01 -3.659857933535281660e+01
0.000000000000000000e+00 -2.000000000000000000e+01 -3.792374539022868163e+01
5.000000000000000000e+00 -2.000000000000000000e+01 -3.924891144510456087e+01
1.000000000000000000e+01 -2.000000000000000000e+01 -4.051841653868716264e+01
1.500000000000000000e+01 -2.000000000000000000e+01 -4.178695022161343076e+01
2.000000000000000000e+01 -2.000000000000000000e+01 -3.398159606963815804e+01
2.500000000000000000e+01 -2.000000000000000000e+01 -3.543812229770804123e+01
-2.500000000000000000e+01 -1.500000000000000000e+01 -3.169409877399468201e+01
-2.000000000000000000e+01 -1.500000000000000000e+01 -3.288079496236174748e+01
-1.500000000000000000e+01 -1.500000000000000000e+01 -3.440529905001137934e+01
-1.000000000000000000e+01 -1.500000000000000000e+01 -3.584087402754764895e+01
-5.000000000000000000e+00 -1.500000000000000000e+01 -3.712988575872608266e+01
0.000000000000000000e+00 -1.500000000000000000e+01 -3.841889748990423925e+01
5.000000000000000000e+00 -1.500000000000000000e+01 -3.970790922108239585e+01
1.000000000000000000e+01 -1.500000000000000000e+01 -4.097536716086280251e+01
1.500000000000000000e+01 -1.500000000000000000e+01 -4.224244893785026278e+01
2.000000000000000000e+01 -1.500000000000000000e+01 -4.271724009663492438e+01
2.500000000000000000e+01 -1.500000000000000000e+01 -3.552337507399630567e+01
-2.500000000000000000e+01 -1.000000000000000000e+01 -3.245301249802468391e+01
-2.000000000000000000e+01 -1.000000000000000000e+01 -3.369541994059697743e+01
-1.500000000000000000e+01 -1.000000000000000000e+01 -3.523690752622207611e+01
-1.000000000000000000e+01 -1.000000000000000000e+01 -3.665258363973426015e+01
-5.000000000000000000e+00 -1.000000000000000000e+01 -3.786091102617098159e+01
0.000000000000000000e+00 -1.000000000000000000e+01 -3.906923841260744013e+01
5.000000000000000000e+00 -1.000000000000000000e+01 -4.027756579904390577e+01
1.000000000000000000e+01 -1.000000000000000000e+01 -4.058980069661061663e+01
1.500000000000000000e+01 -1.000000000000000000e+01 -4.088639673756597404e+01
2.000000000000000000e+01 -1.000000000000000000e+01 -4.472652532314471330e+01
2.500000000000000000e+01 -1.000000000000000000e+01 -2.448028181969998940e+01
-2.500000000000000000e+01 -5.000000000000000000e+00 -3.337264126695271216e+01
-2.000000000000000000e+01 -5.000000000000000000e+00 -3.466738405672996493e+01
-1.500000000000000000e+01 -5.000000000000000000e+00 -3.615961303410905003e+01
-1.000000000000000000e+01 -5.000000000000000000e+00 -3.751225218952182416e+01
-5.000000000000000000e+00 -5.000000000000000000e+00 -3.863483464651645249e+01
0.000000000000000000e+00 -5.000000000000000000e+00 -3.975741710351084635e+01
5.000000000000000000e+00 -5.000000000000000000e+00 -4.087999956050524020e+01
1.000000000000000000e+01 -5.000000000000000000e+00 -3.849115977238425756e+01
1.500000000000000000e+01 -5.000000000000000000e+00 -3.604103766165182066e+01
2.000000000000000000e+01 -5.000000000000000000e+00 -4.055995303364174731e+01
2.500000000000000000e+01 -5.000000000000000000e+00 -1.303289601548098986e+01
-2.500000000000000000e+01 0.000000000000000000e+00 -3.442941966964659173e+01
-2.000000000000000000e+01 0.000000000000000000e+00 -3.577083056385878024e+01
-1.500000000000000000e+01 0.000000000000000000e+00 -3.715662163126404494e+01
-1.000000000000000000e+01 0.000000000000000000e+00 -3.840953043460208960e+01
-5.000000000000000000e+00 0.000000000000000000e+00 -3.944343720384473784e+01
0.000000000000000000e+00 0.000000000000000000e+00 -4.047734397308716581e+01
5.000000000000000000e+00 0.000000000000000000e+00 -4.151125074232960088e+01
1.000000000000000000e+01 0.000000000000000000e+00 -3.448129025791978819e+01
1.500000000000000000e+01 0.000000000000000000e+00 -2.731059690801067674e+01
2.000000000000000000e+01 0.000000000000000000e+00 -3.033558558609174227e+01
2.500000000000000000e+01 0.000000000000000000e+00 -2.225759479810729413e+00
-2.500000000000000000e+01 5.000000000000000000e+00 -3.560835100738525227e+01
-2.000000000000000000e+01 5.000000000000000000e+00 -3.686205064053435621e+01
-1.500000000000000000e+01 5.000000000000000000e+00 -3.809913571625258299e+01
-1.000000000000000000e+01 5.000000000000000000e+00 -3.924874318644538107e+01
-5.000000000000000000e+00 5.000000000000000000e+00 -4.025417962160712193e+01
0.000000000000000000e+00 5.000000000000000000e+00 -4.125961605676866384e+01
5.000000000000000000e+00 5.000000000000000000e+00 -4.226505249193020575e+01
1.000000000000000000e+01 5.000000000000000000e+00 -2.626731839348662234e+01
1.500000000000000000e+01 5.000000000000000000e+00 -9.972840209792638078e+00
2.000000000000000000e+01 5.000000000000000000e+00 -7.590255311965710128e+00
2.500000000000000000e+01 5.000000000000000000e+00 -0.000000000000000000e+00
-2.500000000000000000e+01 1.000000000000000000e+01 -3.687535145770996792e+01
-2.000000000000000000e+01 1.000000000000000000e+01 -3.802327286836875686e+01
-1.500000000000000000e+01 1.000000000000000000e+01 -3.911221169630215400e+01
-1.000000000000000000e+01 1.000000000000000000e+01 -4.017541175352622673e+01
-5.000000000000000000e+00 1.000000000000000000e+01 -4.119619198008318506e+01
0.000000000000000000e+00 1.000000000000000000e+01 -4.221697220663993733e+01
5.000000000000000000e+00 1.000000000000000000e+01 -4.323775243319668959e+01
1.000000000000000000e+01 1.000000000000000000e+01 -2.396226729514407694e+01
1.500000000000000000e+01 1.000000000000000000e+01 -4.332566060292565524e+00
2.000000000000000000e+01 1.000000000000000000e+01 -0.000000000000000000e+00
2.500000000000000000e+01 1.000000000000000000e+01 -0.000000000000000000e+00
-2.500000000000000000e+01 1.500000000000000000e+01 -3.814381341481734466e+01
-2.000000000000000000e+01 1.500000000000000000e+01 -3.919350300046879454e+01
-1.500000000000000000e+01 1.500000000000000000e+01 -4.015607269234560306e+01
-1.000000000000000000e+01 1.500000000000000000e+01 -4.066966409562942886e+01
-5.000000000000000000e+00 1.500000000000000000e+01 -4.044329852153164495e+01
0.000000000000000000e+00 1.500000000000000000e+01 -4.021693294743390368e+01
5.000000000000000000e+00 1.500000000000000000e+01 -3.999056737333616951e+01
1.000000000000000000e+01 1.500000000000000000e+01 -2.215156222499981453e+01
1.500000000000000000e+01 1.500000000000000000e+01 -4.005176367344082777e+00
2.000000000000000000e+01 1.500000000000000000e+01 -0.000000000000000000e+00
2.500000000000000000e+01 1.500000000000000000e+01 -0.000000000000000000e+00
-2.500000000000000000e+01 2.000000000000000000e+01 -3.930000984078697002e+01
-2.000000000000000000e+01 2.000000000000000000e+01 -4.025467388384941358e+01
-1.500000000000000000e+01 2.000000000000000000e+01 -4.117856608226226456e+01
-1.000000000000000000e+01 2.000000000000000000e+01 -3.871877655532668427e+01
-5.000000000000000000e+00 2.000000000000000000e+01 -3.068237237791806393e+01
0.000000000000000000e+00 2.000000000000000000e+01 -2.264596820051113468e+01
5.000000000000000000e+00 2.000000000000000000e+01 -1.460956402310420721e+01
1.000000000000000000e+01 2.000000000000000000e+01 -8.016946785805616926e+00
1.500000000000000000e+01 2.000000000000000000e+01 -1.449526921786394862e+00
2.000000000000000000e+01 2.000000000000000000e+01 -0.000000000000000000e+00
2.500000000000000000e+01 2.000000000000000000e+01 -0.000000000000000000e+00
-2.500000000000000000e+01 2.500000000000000000e+01 -4.042340816471038067e+01
-2.000000000000000000e+01 2.500000000000000000e+01 -3.603166971685229925e+01
-1.500000000000000000e+01 2.500000000000000000e+01 -2.752817814033070221e+01
-1.000000000000000000e+01 2.500000000000000000e+01 -1.976238100366904149e+01
-5.000000000000000000e+00 2.500000000000000000e+01 -1.321237127102396691e+01
0.000000000000000000e+00 2.500000000000000000e+01 -6.662361538380275228e+00
5.000000000000000000e+00 2.500000000000000000e+01 -1.123518057365836820e-01
1.000000000000000000e+01 2.500000000000000000e+01 -0.000000000000000000e+00
1.500000000000000000e+01 2.500000000000000000e+01 -0.000000000000000000e+00
2.000000000000000000e+01 2.500000000000000000e+01 -0.000000000000000000e+00
2.500000000000000000e+01 2.500000000000000000e+01 -0.000000000000000000e+00
