-2.500000000000000000e+01 -2.500000000000000000e+01 -2.566624504324181544e+01
-2.000000000000000000e+01 -2.500000000000000000e+01 -2.720289247373797181e+01
-1.500000000000000000e+01 -2.500000000000000000e+01 -2.786854308946563918e+01
-1.000000000000000000e+01 -2.500000000000000000e+01 -2.853419370519330300e+01
-5.000000000000000000e+00 -2.500000000000000000e+01 -2.944066700347838506e+01
0.000000000000000000e+00 -2.500000000000000000e+01 -3.046408110729068852e+01
5.000000000000000000e+00 -2.500000000000000000e+01 -3.156390211476139029e+01
1.000000000000000000e+01 -2.500000000000000000e+01 -3.275521580017047540e+01
1.500000000000000000e+01 -2.500000000000000000e+01 -3.398891454156864711e+01
2.000000000000000000e+01 -2.500000000000000000e+01 -3.533808723968130039e+01
2.500000000000000000e+01 -2.500000000000000000e+01 -3.668725993779396788e+01
-2.500000000000000000e+01 -2.000000000000000000e+01 -2.653928941963301469e+01
-2.000000000000000000e+01 -2.000000000000000000e+01 -2.801323928598392143e+01
-1.500000000000000000e+01 -2.000000000000000000e+01 -2.851199124451462552e+01
-1.000000000000000000e+01 -2.000000000000000000e+01 -2.901074320304533671e+01
-5.000000000000000000e+00 -2.000000000000000000e+01 -2.985329682018574360e+01
0.000000000000000000e+00 -2.000000000000000000e+01 -3.086279668371981799e+01
5.000000000000000000e+00 -2.000000000000000000e+01 -3.197151950259959463e+01
1.000000000000000000e+01 -2.000000000000000000e+01 -3.319905585092334377e+01
1.500000000000000000e+01 -2.000000000000000000e+01 -3.445542054664390719e+01
2.000000000000000000e+01 -2.000000000000000000e+01 -3.579032526695019101e+01
2.500000000000000000e+01 -2.000000000000000000e+01 -3.712522998725647483e+01
-2.500000000000000000e+01 -1.500000000000000000e+01 -2.626605183547794908e+01
-2.000000000000000000e+01 -1.500000000000000000e+01 -2.683807797745134494e+01
-1.500000000000000000e+01 -1.500000000000000000e+01 -2.803073471510500170e+01
-1.000000000000000000e+01 -1.500000000000000000e+01 -2.922339145275866557e+01
-5.000000000000000000e+00 -1.500000000000000000e+01 -3.026529128894344467e+01
0.000000000000000000e+00 -1.500000000000000000e+01 -3.123398525718697982e+01
5.000000000000000000e+00 -1.500000000000000000e+01 -3.234836027097428257e+01
1.000000000000000000e+01 -1.500000000000000000e+01 -3.363717958682691744e+01
1.500000000000000000e+01 -1.500000000000000000e+01 -3.493613313605058579e+01
2.000000000000000000e+01 -1.500000000000000000e+01 -3.626269641701372848e+01
2.500000000000000000e+01 -1.500000000000000000e+01 -3.758925969797687827e+01
-2.500000000000000000e+01 -1.000000000000000000e+01 -2.656623082489430487e+01
-2.000000000000000000e+01 -1.000000000000000000e+01 -2.667742563148036439e+01
-1.500000000000000000e+01 -1.000000000000000000e+01 -2.815421273022671045e+01
-1.000000000000000000e+01 -1.000000000000000000e+01 -2.963099982897305296e+01
-5.000000000000000000e+00 -1.000000000000000000e+01 -3.068668120148226919e+01
0.000000000000000000e+00 -1.000000000000000000e+01 -3.153787833556618736e+01
5.000000000000000000e+00 -1.000000000000000000e+01 -3.264873201159804950e+01
1.000000000000000000e+01 -1.000000000000000000e+01 -3.407050880098170609e+01
1.500000000000000000e+01 -1.000000000000000000e+01 -3.546103883578022931e+01
2.000000000000000000e+01 -1.000000000000000000e+01 -3.676644013116268184e+01
2.500000000000000000e+01 -1.000000000000000000e+01 -3.807184142654513437e+01
-2.500000000000000000e+01 -5.000000000000000000e+00 -2.743627394400400732e+01
-2.000000000000000000e+01 -5.000000000000000000e+00 -2.813500705818629299e+01
-1.500000000000000000e+01 -5.000000000000000000e+00 -2.923697724632759076e+01
-1.000000000000000000e+01 -5.000000000000000000e+00 -3.033894743446888853e+01
-5.000000000000000000e+00 -5.000000000000000000e+00 -3.124200740525075659e+01
0.000000000000000000e+00 -5.000000000000000000e+00 -3.204847879559416413e+01
5.000000000000000000e+00 -5.000000000000000000e+00 -3.318855396295329285e+01
1.000000000000000000e+01 -5.000000000000000000e+00 -3.472809961619926611e+01
1.500000000000000000e+01 -5.000000000000000000e+00 -3.618720697382328666e+01
2.000000000000000000e+01 -5.000000000000000000e+00 -3.742716802975965606e+01
2.500000000000000000e+01 -5.000000000000000000e+00 -3.866712908569603258e+01
-2.500000000000000000e+01 0.000000000000000000e+00 -2.775109110103691634e+01
-2.000000000000000000e+01 0.000000000000000000e+00 -2.904280054051094240e+01
-1.500000000000000000e+01 0.000000000000000000e+00 -3.000095881640532269e+01
-1.000000000000000000e+01 0.000000000000000000e+00 -3.095911709229971009e+01
-5.000000000000000000e+00 0.000000000000000000e+00 -3.190772427610688311e+01
0.000000000000000000e+00 0.000000000000000000e+00 -3.285169355624783094e+01
5.000000000000000000e+00 0.000000000000000000e+00 -3.406360550514214935e+01
1.000000000000000000e+01 0.000000000000000000e+00 -3.559636270655194323e+01
1.500000000000000000e+01 0.000000000000000000e+00 -3.702809354129156816e+01
2.000000000000000000e+01 0.000000000000000000e+00 -3.818458788006214633e+01
2.500000000000000000e+01 0.000000000000000000e+00 -3.934108221883271739e+01
-2.500000000000000000e+01 5.000000000000000000e+00 -2.887362843952912783e+01
-2.000000000000000000e+01 5.000000000000000000e+00 -2.986677177382592774e+01
-1.500000000000000000e+01 5.000000000000000000e+00 -3.073960389319053732e+01
-1.000000000000000000e+01 5.000000000000000000e+00 -3.161243601255514690e+01
-5.000000000000000000e+00 5.000000000000000000e+00 -3.269635998857931725e+01
0.000000000000000000e+00 5.000000000000000000e+00 -3.388278781306102871e+01
5.000000000000000000e+00 5.000000000000000000e+00 -3.517844325589771870e+01
1.000000000000000000e+01 5.000000000000000000e+00 -3.660489221122652737e+01
1.500000000000000000e+01 5.000000000000000000e+00 -3.793507813671667606e+01
2.000000000000000000e+01 5.000000000000000000e+00 -3.900300481348357806e+01
2.500000000000000000e+01 5.000000000000000000e+00 -4.007093149025048717e+01
-2.500000000000000000e+01 1.000000000000000000e+01 -2.989089558264322477e+01
-2.000000000000000000e+01 1.000000000000000000e+01 -3.071126255279568085e+01
-1.500000000000000000e+01 1.000000000000000000e+01 -3.161214596386419728e+01
-1.000000000000000000e+01 1.000000000000000000e+01 -3.251302937493270662e+01
-5.000000000000000000e+00 1.000000000000000000e+01 -3.368478074633304686e+01
0.000000000000000000e+00 1.000000000000000000e+01 -3.498806257465023606e+01
5.000000000000000000e+00 1.000000000000000000e+01 -3.628944230156319151e+01
1.000000000000000000e+01 1.000000000000000000e+01 -3.758854437628960454e+01
1.500000000000000000e+01 1.000000000000000000e+01 -3.880984168387946198e+01
2.000000000000000000e+01 1.000000000000000000e+01 -3.981916748163299502e+01
2.500000000000000000e+01 1.000000000000000000e+01 -4.082849327938652095e+01
-2.500000000000000000e+01 1.500000000000000000e+01 -3.080178247531553382e+01
-2.000000000000000000e+01 1.500000000000000000e+01 -3.168706937167424442e+01
-1.500000000000000000e+01 1.500000000000000000e+01 -3.274891259567736057e+01
-1.000000000000000000e+01 1.500000000000000000e+01 -3.381075581968048738e+01
-5.000000000000000000e+00 1.500000000000000000e+01 -3.499158398865755970e+01
0.000000000000000000e+00 1.500000000000000000e+01 -3.623018991828036661e+01
5.000000000000000000e+00 1.500000000000000000e+01 -3.742604390992413954e+01
1.000000000000000000e+01 1.500000000000000000e+01 -3.857070502362790165e+01
1.500000000000000000e+01 1.500000000000000000e+01 -3.967888881719157013e+01
2.000000000000000000e+01 1.500000000000000000e+01 -4.068769370494464255e+01
2.500000000000000000e+01 1.500000000000000000e+01 -4.169649859269772918e+01
-2.500000000000000000e+01 2.000000000000000000e+01 -3.183389585959461954e+01
-2.000000000000000000e+01 2.000000000000000000e+01 -3.288577536430035764e+01
-1.500000000000000000e+01 2.000000000000000000e+01 -3.401889330232402386e+01
-1.000000000000000000e+01 2.000000000000000000e+01 -3.515201124034769009e+01
-5.000000000000000000e+00 2.000000000000000000e+01 -3.632802602499364752e+01
0.000000000000000000e+00 2.000000000000000000e+01 -3.752487103935600032e+01
5.000000000000000000e+00 2.000000000000000000e+01 -3.863279311745463929e+01
1.000000000000000000e+01 2.000000000000000000e+01 -3.963423532031470131e+01
1.500000000000000000e+01 2.000000000000000000e+01 -4.064488819741897885e+01
2.000000000000000000e+01 2.000000000000000000e+01 -4.168063465937692058e+01
2.500000000000000000e+01 2.000000000000000000e+01 -4.271638112133486231e+01
-2.500000000000000000e+01 2.500000000000000000e+01 -3.324280746111188023e+01
-2.000000000000000000e+01 2.500000000000000000e+01 -3.431613330049910360e+01
-1.500000000000000000e+01 2.500000000000000000e+01 -3.545011225774295127e+01
-1.000000000000000000e+01 2.500000000000000000e+01 -3.658409121498680605e+01
-5.000000000000000000e+00 2.500000000000000000e+01 -3.766785514957231840e+01
0.000000000000000000e+00 2.500000000000000000e+01 -3.872723522987602962e+01
5.000000000000000000e+00 2.500000000000000000e+01 -3.973144853753568384e+01
1.000000000000000000e+01 2.500000000000000000e+01 -4.066960294841045709e+01
1.500000000000000000e+01 2.500000000000000000e+01 -4.003500656883991837e+01
2.000000000000000000e+01 2.500000000000000000e+01 -3.511560384749456176e+01
2.500000000000000000e+01 2.500000000000000000e+01 -3.019620112614921936e+01
