-2.500000000000000000e+01 -2.500000000000000000e+01 -2.875603819029369035e+01
-2.000000000000000000e+01 -2.500000000000000000e+01 -2.980080336944728714e+01
-1.500000000000000000e+01 -2.500000000000000000e+01 -3.088368462905998157e+01
-1.000000000000000000e+01 -2.500000000000000000e+01 -3.201391440730542115e+01
-5.000000000000000000e+00 -2.500000000000000000e+01 -3.320575790568020835e+01
0.000000000000000000e+00 -2.500000000000000000e+01 -3.457639681221417760e+01
5.000000000000000000e+00 -2.500000000000000000e+01 -3.594703571874815395e+01
1.000000000000000000e+01 -2.500000000000000000e+01 -3.731767462528242163e+01
1.500000000000000000e+01 -2.500000000000000000e+01 -3.871523062728959275e+01
2.000000000000000000e+01 -2.500000000000000000e+01 -4.011744361340392828e+01
2.500000000000000000e+01 -2.500000000000000000e+01 -4.601796076204134067e+01
-2.500000000000000000e+01 -2.000000000000000000e+01 -2.916876364697696289e+01
-2.000000000000000000e+01 -2.000000000000000000e+01 -3.019963443744381948e+01
-1.500000000000000000e+01 -2.000000000000000000e+01 -3.129094980205048060e+01
-1.000000000000000000e+01 -2.000000000000000000e+01 -3.245735056396021889e+01
-5.000000000000000000e+00 -2.000000000000000000e+01 -3.367244341589277212e+01
0.000000000000000000e+00 -2.000000000000000000e+01 -3.502883470089287954e+01
5.000000000000000000e+00 -2.000000000000000000e+01 -3.638522598589298696e+01
1.000000000000000000e+01 -2.000000000000000000e+01 -3.774161727089337859e+01
1.500000000000000000e+01 -2.000000000000000000e+01 -3.911900319888697197e+01
2.000000000000000000e+01 -2.000000000000000000e+01 -4.050002145485048999e+01
2.500000000000000000e+01 -2.000000000000000000e+01 -4.834975994918016085e+01
-2.500000000000000000e+01 -1.500000000000000000e+01 -2.958148910366023188e+01
-2.000000000000000000e+01 -1.500000000000000000e+01 -3.059846550544035182e+01
-1.500000000000000000e+01 -1.500000000000000000e+01 -3.169821497504098318e+01
-1.000000000000000000e+01 -1.500000000000000000e+01 -3.290078672061502374e+01
-5.000000000000000000e+00 -1.500000000000000000e+01 -3.413912892610534300e+01
0.000000000000000000e+00 -1.500000000000000000e+01 -3.548127258957157437e+01
5.000000000000000000e+00 -1.500000000000000000e+01 -3.682341625303781285e+01
1.000000000000000000e+01 -1.500000000000000000e+01 -3.816555991650433555e+01
1.500000000000000000e+01 -1.500000000000000000e+01 -3.952277577048435830e+01
2.000000000000000000e+01 -1.500000000000000000e+01 -4.088259929629705880e+01
2.500000000000000000e+01 -1.500000000000000000e+01 -5.068155913631898102e+01
-2.500000000000000000e+01 -1.000000000000000000e+01 -2.999409124360846945e+01
-2.000000000000000000e+01 -1.000000000000000000e+01 -3.098982386395616473e+01
-1.500000000000000000e+01 -1.000000000000000000e+01 -3.209699029262105796e+01
-1.000000000000000000e+01 -1.000000000000000000e+01 -3.334258191311775477e+01
-5.000000000000000000e+00 -1.000000000000000000e+01 -3.460968219042201355e+01
0.000000000000000000e+00 -1.000000000000000000e+01 -3.593919793403392049e+01
5.000000000000000000e+00 -1.000000000000000000e+01 -3.726871367764581322e+01
1.000000000000000000e+01 -1.000000000000000000e+01 -3.859822942125799727e+01
1.500000000000000000e+01 -1.000000000000000000e+01 -3.992724735581056450e+01
2.000000000000000000e+01 -1.000000000000000000e+01 -4.125617916335585278e+01
2.500000000000000000e+01 -1.000000000000000000e+01 -4.662795895783399658e+01
-2.500000000000000000e+01 -5.000000000000000000e+00 -3.040630676153797296e+01
-2.000000000000000000e+01 -5.000000000000000000e+00 -3.135775382060975147e+01
-1.500000000000000000e+01 -5.000000000000000000e+00 -3.246914825744298838e+01
-1.000000000000000000e+01 -5.000000000000000000e+00 -3.377923236291432829e+01
-5.000000000000000000e+00 -5.000000000000000000e+00 -3.509236161830610001e+01
0.000000000000000000e+00 -5.000000000000000000e+00 -3.641432752277091822e+01
5.000000000000000000e+00 -5.000000000000000000e+00 -3.773629342723572933e+01
1.000000000000000000e+01 -5.000000000000000000e+00 -3.905825933170082465e+01
1.500000000000000000e+01 -5.000000000000000000e+00 -4.033391048552746128e+01
2.000000000000000000e+01 -5.000000000000000000e+00 -4.160154862554789901e+01
2.500000000000000000e+01 -5.000000000000000000e+00 -2.255488622064167004e+01
-2.500000000000000000e+01 0.000000000000000000e+00 -3.083837001267169597e+01
-2.000000000000000000e+01 0.000000000000000000e+00 -3.160029137078079131e+01
-1.500000000000000000e+01 0.000000000000000000e+00 -3.269599546632750275e+01
-1.000000000000000000e+01 0.000000000000000000e+00 -3.420633081389446772e+01
-5.000000000000000000e+00 0.000000000000000000e+00 -3.565953322295855799e+01
0.000000000000000000e+00 0.000000000000000000e+00 -3.694694289888388994e+01
5.000000000000000000e+00 0.000000000000000000e+00 -3.823435257480922189e+01
1.000000000000000000e+01 0.000000000000000000e+00 -3.952176225073483096e+01
1.500000000000000000e+01 0.000000000000000000e+00 -4.078839319589360457e+01
2.000000000000000000e+01 0.000000000000000000e+00 -4.205142916851742285e+01
2.500000000000000000e+01 0.000000000000000000e+00 -3.977341379666962240e+01
-2.500000000000000000e+01 5.000000000000000000e+00 -3.147155639155176488e+01
-2.000000000000000000e+01 5.000000000000000000e+00 -3.232344209722678841e+01
-1.500000000000000000e+01 5.000000000000000000e+00 -3.348106099686949477e+01
-1.000000000000000000e+01 5.000000000000000000e+00 -3.501846747322191788e+01
-5.000000000000000000e+00 5.000000000000000000e+00 -3.647156951356858201e+01
0.000000000000000000e+00 5.000000000000000000e+00 -3.768003048998012616e+01
5.000000000000000000e+00 5.000000000000000000e+00 -3.888849146639167031e+01
1.000000000000000000e+01 5.000000000000000000e+00 -4.009695244280347737e+01
1.500000000000000000e+01 5.000000000000000000e+00 -4.056285494691090321e+01
2.000000000000000000e+01 5.000000000000000000e+00 -4.090028582570469240e+01
2.500000000000000000e+01 5.000000000000000000e+00 -4.431970865130003290e+01
-2.500000000000000000e+01 1.000000000000000000e+01 -3.218316115634236496e+01
-2.000000000000000000e+01 1.000000000000000000e+01 -3.321251764065858936e+01
-1.500000000000000000e+01 1.000000000000000000e+01 -3.444844824637247171e+01
-1.000000000000000000e+01 1.000000000000000000e+01 -3.594098914669781664e+01
-5.000000000000000000e+00 1.000000000000000000e+01 -3.733886284849639026e+01
0.000000000000000000e+00 1.000000000000000000e+01 -3.846202402904941664e+01
5.000000000000000000e+00 1.000000000000000000e+01 -3.958518520960244302e+01
1.000000000000000000e+01 1.000000000000000000e+01 -4.070834639015571099e+01
1.500000000000000000e+01 1.000000000000000000e+01 -3.895171329201240695e+01
2.000000000000000000e+01 1.000000000000000000e+01 -3.669684084255577261e+01
2.500000000000000000e+01 1.000000000000000000e+01 -4.441044080050356513e+01
-2.500000000000000000e+01 1.500000000000000000e+01 -3.297013100888344894e+01
-2.000000000000000000e+01 1.500000000000000000e+01 -3.424160011941050641e+01
-1.500000000000000000e+01 1.500000000000000000e+01 -3.556431989535688132e+01
-1.000000000000000000e+01 1.500000000000000000e+01 -3.695070422068291549e+01
-5.000000000000000000e+00 1.500000000000000000e+01 -3.824696154071493481e+01
0.000000000000000000e+00 1.500000000000000000e+01 -3.928168141966993687e+01
5.000000000000000000e+00 1.500000000000000000e+01 -4.031640129862493893e+01
1.000000000000000000e+01 1.500000000000000000e+01 -4.135112117758015415e+01
1.500000000000000000e+01 1.500000000000000000e+01 -3.556776475264986459e+01
2.000000000000000000e+01 1.500000000000000000e+01 -2.860479840211390012e+01
2.500000000000000000e+01 1.500000000000000000e+01 -4.308830643295915053e+01
-2.500000000000000000e+01 2.000000000000000000e+01 -3.413939529792794758e+01
-2.000000000000000000e+01 2.000000000000000000e+01 -3.541400436530186369e+01
-1.500000000000000000e+01 2.000000000000000000e+01 -3.667326747418338329e+01
-1.000000000000000000e+01 2.000000000000000000e+01 -3.791346754214191606e+01
-5.000000000000000000e+00 2.000000000000000000e+01 -3.909295136469045673e+01
0.000000000000000000e+00 2.000000000000000000e+01 -4.009624413989914160e+01
5.000000000000000000e+00 2.000000000000000000e+01 -4.109953691510783358e+01
1.000000000000000000e+01 2.000000000000000000e+01 -4.210282969031673872e+01
1.500000000000000000e+01 2.000000000000000000e+01 -2.874635931759197760e+01
2.000000000000000000e+01 2.000000000000000000e+01 -1.290547569050159638e+01
2.500000000000000000e+01 2.000000000000000000e+01 -1.307655600181000999e+01
-2.500000000000000000e+01 2.500000000000000000e+01 -3.546194167811243148e+01
-2.000000000000000000e+01 2.500000000000000000e+01 -3.668384133639250422e+01
-1.500000000000000000e+01 2.500000000000000000e+01 -3.784771583993562416e+01
-1.000000000000000000e+01 2.500000000000000000e+01 -3.893951039488115384e+01
-5.000000000000000000e+00 2.500000000000000000e+01 -4.001213692118042076e+01
0.000000000000000000e+00 2.500000000000000000e+01 -4.102914019508889965e+01
5.000000000000000000e+00 2.500000000000000000e+01 -4.204614346899737853e+01
1.000000000000000000e+01 2.500000000000000000e+01 -4.306314674290607769e+01
1.500000000000000000e+01 2.500000000000000000e+01 -2.653919288734859094e+01
2.000000000000000000e+01 2.500000000000000000e+01 -6.980440620580825595e+00
2.500000000000000000e+01 2.500000000000000000e+01 -0.000000000000000000e+00
