-2.500000000000000000e+01 -2.500000000000000000e+01 -2.835126664139108499e+01
-2.000000000000000000e+01 -2.500000000000000000e+01 -2.883352342556380421e+01
-1.500000000000000000e+01 -2.500000000000000000e+01 -2.942407050334132990e+01
-1.000000000000000000e+01 -2.500000000000000000e+01 -3.043312494290394810e+01
-5.000000000000000000e+00 -2.500000000000000000e+01 -3.144217938246656985e+01
0.000000000000000000e+00 -2.500000000000000000e+01 -3.267226349990518486e+01
5.000000000000000000e+00 -2.500000000000000000e+01 -3.390466299256159743e+01
1.000000000000000000e+01 -2.500000000000000000e+01 -3.521945925626096852e+01
1.500000000000000000e+01 -2.500000000000000000e+01 -3.655419515510961048e+01
2.000000000000000000e+01 -2.500000000000000000e+01 -3.788893105395825245e+01
2.500000000000000000e+01 -2.500000000000000000e+01 -3.922880426316361735e+01
-2.500000000000000000e+01 -2.000000000000000000e+01 -2.736857792963535729e+01
-2.000000000000000000e+01 -2.000000000000000000e+01 -2.864448741265103138e+01
-1.500000000000000000e+01 -2.000000000000000000e+01 -2.985650873913872161e+01
-1.000000000000000000e+01 -2.000000000000000000e+01 -3.082162276721773964e+01
-5.000000000000000000e+00 -2.000000000000000000e+01 -3.178673679529676122e+01
0.000000000000000000e+00 -2.000000000000000000e+01 -3.307992592648238883e+01
5.000000000000000000e+00 -2.000000000000000000e+01 -3.437655177698376008e+01
1.000000000000000000e+01 -2.000000000000000000e+01 -3.569768879949603502e+01
1.500000000000000000e+01 -2.000000000000000000e+01 -3.702475741156931122e+01
2.000000000000000000e+01 -2.000000000000000000e+01 -3.835182602364258031e+01
2.500000000000000000e+01 -2.000000000000000000e+01 -3.966225597424357829e+01
-2.500000000000000000e+01 -1.500000000000000000e+01 -2.763861634365386166e+01
-2.000000000000000000e+01 -1.500000000000000000e+01 -2.905211961567010803e+01
-1.500000000000000000e+01 -1.500000000000000000e+01 -3.034505487585078143e+01
-1.000000000000000000e+01 -1.500000000000000000e+01 -3.117203331876466166e+01
-5.000000000000000000e+00 -1.500000000000000000e+01 -3.199901176167853478e+01
0.000000000000000000e+00 -1.500000000000000000e+01 -3.344146143194654286e+01
5.000000000000000000e+00 -1.500000000000000000e+01 -3.489035841209972233e+01
1.000000000000000000e+01 -1.500000000000000000e+01 -3.622103648990156444e+01
1.500000000000000000e+01 -1.500000000000000000e+01 -3.752310614348004947e+01
2.000000000000000000e+01 -1.500000000000000000e+01 -3.882517579705852029e+01
2.500000000000000000e+01 -1.500000000000000000e+01 -4.011066815606933034e+01
-2.500000000000000000e+01 -1.000000000000000000e+01 -2.880468633653708110e+01
-2.000000000000000000e+01 -1.000000000000000000e+01 -2.989267349468863344e+01
-1.500000000000000000e+01 -1.000000000000000000e+01 -3.092567196252240080e+01
-1.000000000000000000e+01 -1.000000000000000000e+01 -3.174615672347774264e+01
-5.000000000000000000e+00 -1.000000000000000000e+01 -3.256664148443307738e+01
0.000000000000000000e+00 -1.000000000000000000e+01 -3.410021246671990980e+01
5.000000000000000000e+00 -1.000000000000000000e+01 -3.564125331541063701e+01
1.000000000000000000e+01 -1.000000000000000000e+01 -3.693403126271549297e+01
1.500000000000000000e+01 -1.000000000000000000e+01 -3.816673074320577541e+01
2.000000000000000000e+01 -1.000000000000000000e+01 -3.939943022369605785e+01
2.500000000000000000e+01 -1.000000000000000000e+01 -4.037519570915099365e+01
-2.500000000000000000e+01 -5.000000000000000000e+00 -2.963042032604656129e+01
-2.000000000000000000e+01 -5.000000000000000000e+00 -3.058082099919656471e+01
-1.500000000000000000e+01 -5.000000000000000000e+00 -3.153515498895826141e+01
-1.000000000000000000e+01 -5.000000000000000000e+00 -3.250468998984874247e+01
-5.000000000000000000e+00 -5.000000000000000000e+00 -3.347422499073922353e+01
0.000000000000000000e+00 -5.000000000000000000e+00 -3.499190058778358292e+01
5.000000000000000000e+00 -5.000000000000000000e+00 -3.651531817913569000e+01
1.000000000000000000e+01 -5.000000000000000000e+00 -3.773694719195977143e+01
1.500000000000000000e+01 -5.000000000000000000e+00 -3.888554477318897540e+01
2.000000000000000000e+01 -5.000000000000000000e+00 -4.003414235441817226e+01
2.500000000000000000e+01 -5.000000000000000000e+00 -4.028278649788391874e+01
-2.500000000000000000e+01 0.000000000000000000e+00 -3.040910842103860290e+01
-2.000000000000000000e+01 0.000000000000000000e+00 -3.127410097955660717e+01
-1.500000000000000000e+01 0.000000000000000000e+00 -3.221047209844378756e+01
-1.000000000000000000e+01 0.000000000000000000e+00 -3.342269853172445693e+01
-5.000000000000000000e+00 0.000000000000000000e+00 -3.463492496500513340e+01
0.000000000000000000e+00 0.000000000000000000e+00 -3.604980927512841049e+01
5.000000000000000000e+00 0.000000000000000000e+00 -3.746681650842762679e+01
1.000000000000000000e+01 0.000000000000000000e+00 -3.859633282095113316e+01
1.500000000000000000e+01 0.000000000000000000e+00 -3.965627766851996938e+01
2.000000000000000000e+01 0.000000000000000000e+00 -4.071622251608880561e+01
2.500000000000000000e+01 0.000000000000000000e+00 -3.897997387281791504e+01
-2.500000000000000000e+01 5.000000000000000000e+00 -3.128920456426088137e+01
-2.000000000000000000e+01 5.000000000000000000e+00 -3.221141490352422210e+01
-1.500000000000000000e+01 5.000000000000000000e+00 -3.321064988657840189e+01
-1.000000000000000000e+01 5.000000000000000000e+00 -3.450756049126290748e+01
-5.000000000000000000e+00 5.000000000000000000e+00 -3.580447109594742017e+01
0.000000000000000000e+00 5.000000000000000000e+00 -3.708873439909567082e+01
5.000000000000000000e+00 5.000000000000000000e+00 -3.837286521664819361e+01
1.000000000000000000e+01 5.000000000000000000e+00 -3.943546439395628767e+01
1.500000000000000000e+01 5.000000000000000000e+00 -4.044445394524896642e+01
2.000000000000000000e+01 5.000000000000000000e+00 -4.145344349654165228e+01
2.500000000000000000e+01 5.000000000000000000e+00 -3.662556389844919380e+01
-2.500000000000000000e+01 1.000000000000000000e+01 -3.237623492442202178e+01
-2.000000000000000000e+01 1.000000000000000000e+01 -3.344634703686326560e+01
-1.500000000000000000e+01 1.000000000000000000e+01 -3.455046680390449865e+01
-1.000000000000000000e+01 1.000000000000000000e+01 -3.578601528291390821e+01
-5.000000000000000000e+00 1.000000000000000000e+01 -3.702156376192332488e+01
0.000000000000000000e+00 1.000000000000000000e+01 -3.815384035061168078e+01
5.000000000000000000e+00 1.000000000000000000e+01 -3.928503512450555490e+01
1.000000000000000000e+01 1.000000000000000000e+01 -4.032067335105359973e+01
1.500000000000000000e+01 1.000000000000000000e+01 -4.133318733782766685e+01
2.000000000000000000e+01 1.000000000000000000e+01 -4.234570132460173397e+01
2.500000000000000000e+01 1.000000000000000000e+01 -3.496534599764346751e+01
-2.500000000000000000e+01 1.500000000000000000e+01 -3.361276675580635498e+01
-2.000000000000000000e+01 1.500000000000000000e+01 -3.475422204357629141e+01
-1.500000000000000000e+01 1.500000000000000000e+01 -3.590642668392696635e+01
-1.000000000000000000e+01 1.500000000000000000e+01 -3.710017413517702778e+01
-5.000000000000000000e+00 1.500000000000000000e+01 -3.829392158642708210e+01
0.000000000000000000e+00 1.500000000000000000e+01 -3.928389450440783293e+01
5.000000000000000000e+00 1.500000000000000000e+01 -4.027173280178520542e+01
1.000000000000000000e+01 1.500000000000000000e+01 -4.130115188436388252e+01
1.500000000000000000e+01 1.500000000000000000e+01 -4.234063332346015329e+01
2.000000000000000000e+01 1.500000000000000000e+01 -4.338011476255644538e+01
2.500000000000000000e+01 1.500000000000000000e+01 -3.582054747317468468e+01
-2.500000000000000000e+01 2.000000000000000000e+01 -3.506941142322032334e+01
-2.000000000000000000e+01 2.000000000000000000e+01 -3.620235808450780013e+01
-1.500000000000000000e+01 2.000000000000000000e+01 -3.731690020087077642e+01
-1.000000000000000000e+01 2.000000000000000000e+01 -3.836031463547388398e+01
-5.000000000000000000e+00 2.000000000000000000e+01 -3.940372907007699155e+01
0.000000000000000000e+00 2.000000000000000000e+01 -4.033997841045660948e+01
5.000000000000000000e+00 2.000000000000000000e+01 -4.127510515315721307e+01
1.000000000000000000e+01 2.000000000000000000e+01 -3.685385452681013874e+01
1.500000000000000000e+01 2.000000000000000000e+01 -3.113638550369015334e+01
2.000000000000000000e+01 2.000000000000000000e+01 -2.541891648057017505e+01
2.500000000000000000e+01 2.000000000000000000e+01 -1.794752090932643185e+01
-2.500000000000000000e+01 2.500000000000000000e+01 -3.654350981984149627e+01
-2.000000000000000000e+01 2.500000000000000000e+01 -3.764435266852348860e+01
-1.500000000000000000e+01 2.500000000000000000e+01 -3.870209293846924936e+01
-1.000000000000000000e+01 2.500000000000000000e+01 -3.959325552252499847e+01
-5.000000000000000000e+00 2.500000000000000000e+01 -4.048441810658076179e+01
0.000000000000000000e+00 2.500000000000000000e+01 -3.846015448884796228e+01
5.000000000000000000e+00 2.500000000000000000e+01 -3.640535060321165872e+01
1.000000000000000000e+01 2.500000000000000000e+01 -2.746773166232663499e+01
1.500000000000000000e+01 2.500000000000000000e+01 -1.686450350806665455e+01
2.000000000000000000e+01 2.500000000000000000e+01 -6.261275353806666111e+00
2.500000000000000000e+01 2.500000000000000000e+01 -0.000000000000000000e+00
