-2.500000000000000000e+01 -2.500000000000000000e+01 -2.443764932239579935e+01
-2.000000000000000000e+01 -2.500000000000000000e+01 -2.535356154316558275e+01
-1.500000000000000000e+01 -2.500000000000000000e+01 -2.627924790655031018e+01
-1.000000000000000000e+01 -2.500000000000000000e+01 -2.722025283442725652e+01
-5.000000000000000000e+00 -2.500000000000000000e+01 -2.818212074867440009e+01
0.000000000000000000e+00 -2.500000000000000000e+01 -2.917039607116907263e+01
5.000000000000000000e+00 -2.500000000000000000e+01 -3.019062322378879060e+01
1.000000000000000000e+01 -2.500000000000000000e+01 -3.124834662841110600e+01
1.500000000000000000e+01 -2.500000000000000000e+01 -3.234911070691330082e+01
2.000000000000000000e+01 -2.500000000000000000e+01 -3.349845988117338180e+01
2.500000000000000000e+01 -2.500000000000000000e+01 -3.470193857306865226e+01
-2.500000000000000000e+01 -2.000000000000000000e+01 -2.520142970122846293e+01
-2.000000000000000000e+01 -2.000000000000000000e+01 -2.611592129655952732e+01
-1.500000000000000000e+01 -2.000000000000000000e+01 -2.704037043986865996e+01
-1.000000000000000000e+01 -2.000000000000000000e+01 -2.798028448108635757e+01
-5.000000000000000000e+00 -2.000000000000000000e+01 -2.894117077014370665e+01
0.000000000000000000e+00 -2.000000000000000000e+01 -2.992853665697116838e+01
5.000000000000000000e+00 -2.000000000000000000e+01 -3.094788949149944557e+01
1.000000000000000000e+01 -2.000000000000000000e+01 -3.200473662365921967e+01
1.500000000000000000e+01 -2.000000000000000000e+01 -3.310458540338092348e+01
2.000000000000000000e+01 -2.000000000000000000e+01 -3.425294318059572163e+01
2.500000000000000000e+01 -2.000000000000000000e+01 -3.545531730523402558e+01
-2.500000000000000000e+01 -1.500000000000000000e+01 -2.603490320622866250e+01
-2.000000000000000000e+01 -1.500000000000000000e+01 -2.694808573611845759e+01
-1.500000000000000000e+01 -1.500000000000000000e+01 -2.787143043683567356e+01
-1.000000000000000000e+01 -1.500000000000000000e+01 -2.881040104554218573e+01
-5.000000000000000000e+00 -1.500000000000000000e+01 -2.977046129940057995e+01
0.000000000000000000e+00 -1.500000000000000000e+01 -3.075707493557274574e+01
5.000000000000000000e+00 -1.500000000000000000e+01 -3.177570569122083555e+01
1.000000000000000000e+01 -1.500000000000000000e+01 -3.283181730350696625e+01
1.500000000000000000e+01 -1.500000000000000000e+01 -3.393087350959303450e+01
2.000000000000000000e+01 -1.500000000000000000e+01 -3.507833804664161192e+01
2.500000000000000000e+01 -1.500000000000000000e+01 -3.627967465181460227e+01
-2.500000000000000000e+01 -1.000000000000000000e+01 -2.693913004347449913e+01
-2.000000000000000000e+01 -1.000000000000000000e+01 -2.785112776496353604e+01
-1.500000000000000000e+01 -1.000000000000000000e+01 -2.877351501483276053e+01
-1.000000000000000000e+01 -1.000000000000000000e+01 -2.971170484734399508e+01
-5.000000000000000000e+00 -1.000000000000000000e+01 -3.067111031675967325e+01
0.000000000000000000e+00 -1.000000000000000000e+01 -3.165714447734163173e+01
5.000000000000000000e+00 -1.000000000000000000e+01 -3.267522038335188483e+01
1.000000000000000000e+01 -1.000000000000000000e+01 -3.373075108905246111e+01
1.500000000000000000e+01 -1.000000000000000000e+01 -3.482914964870514041e+01
2.000000000000000000e+01 -1.000000000000000000e+01 -3.597582911657243443e+01
2.500000000000000000e+01 -1.000000000000000000e+01 -3.717620254691610882e+01
-2.500000000000000000e+01 -5.000000000000000000e+00 -2.791517041904366891e+01
-2.000000000000000000e+01 -5.000000000000000000e+00 -2.882612028621542777e+01
-1.500000000000000000e+01 -5.000000000000000000e+00 -2.974771129124096092e+01
-1.000000000000000000e+01 -5.000000000000000000e+00 -3.068529820604059211e+01
-5.000000000000000000e+00 -5.000000000000000000e+00 -3.164423580253522772e+01
0.000000000000000000e+00 -5.000000000000000000e+00 -3.262987885264522703e+01
5.000000000000000000e+00 -5.000000000000000000e+00 -3.364758212829110562e+01
1.000000000000000000e+01 -5.000000000000000000e+00 -3.470270040139340750e+01
1.500000000000000000e+01 -5.000000000000000000e+00 -3.580058844387240669e+01
2.000000000000000000e+01 -5.000000000000000000e+00 -3.694660102764911613e+01
2.500000000000000000e+01 -5.000000000000000000e+00 -3.814609292464380985e+01
-2.500000000000000000e+01 0.000000000000000000e+00 -2.896408453901428004e+01
-2.000000000000000000e+01 0.000000000000000000e+00 -2.987413620299527395e+01
-1.500000000000000000e+01 0.000000000000000000e+00 -3.079510638344169848e+01
-1.000000000000000000e+01 0.000000000000000000e+00 -3.173228344118114563e+01
-5.000000000000000000e+00 0.000000000000000000e+00 -3.269095573704182556e+01
0.000000000000000000e+00 0.000000000000000000e+00 -3.367641163185131603e+01
5.000000000000000000e+00 0.000000000000000000e+00 -3.469393948643740799e+01
1.000000000000000000e+01 0.000000000000000000e+00 -3.574882766162789238e+01
1.500000000000000000e+01 0.000000000000000000e+00 -3.684636451825032566e+01
2.000000000000000000e+01 0.000000000000000000e+00 -3.799183841713296061e+01
2.500000000000000000e+01 0.000000000000000000e+00 -3.919053771910337503e+01
-2.500000000000000000e+01 5.000000000000000000e+00 -3.008693260946429149e+01
-2.000000000000000000e+01 5.000000000000000000e+00 -3.099624841842402390e+01
-1.500000000000000000e+01 5.000000000000000000e+00 -3.191678740881626908e+01
-1.000000000000000000e+01 5.000000000000000000e+00 -3.285376287231480319e+01
-5.000000000000000000e+00 5.000000000000000000e+00 -3.381238810059398503e+01
0.000000000000000000e+00 5.000000000000000000e+00 -3.479787638532759075e+01
5.000000000000000000e+00 5.000000000000000000e+00 -3.581544101818957415e+01
1.000000000000000000e+01 5.000000000000000000e+00 -3.687029529085390323e+01
1.500000000000000000e+01 5.000000000000000000e+00 -3.796765249499432571e+01
2.000000000000000000e+01 5.000000000000000000e+00 -3.911272592228522882e+01
2.500000000000000000e+01 5.000000000000000000e+00 -4.031072886440036740e+01
-2.500000000000000000e+01 1.000000000000000000e+01 -3.128477483647167645e+01
-2.000000000000000000e+01 1.000000000000000000e+01 -3.219352983562263404e+01
-1.500000000000000000e+01 1.000000000000000000e+01 -3.311384148474595435e+01
-1.000000000000000000e+01 1.000000000000000000e+01 -3.405083881899058440e+01
-5.000000000000000000e+00 1.000000000000000000e+01 -3.500965087350618177e+01
0.000000000000000000e+00 1.000000000000000000e+01 -3.599540668344170058e+01
5.000000000000000000e+00 1.000000000000000000e+01 -3.701323528394637918e+01
1.000000000000000000e+01 1.000000000000000000e+01 -3.806826571016941330e+01
1.500000000000000000e+01 1.000000000000000000e+01 -3.916562699725975705e+01
2.000000000000000000e+01 1.000000000000000000e+01 -4.031044818036708222e+01
2.500000000000000000e+01 1.000000000000000000e+01 -4.150785829464035714e+01
-2.500000000000000000e+01 1.500000000000000000e+01 -3.255867142611460707e+01
-2.000000000000000000e+01 1.500000000000000000e+01 -3.346705335771232370e+01
-1.500000000000000000e+01 1.500000000000000000e+01 -3.438735572861226331e+01
-1.000000000000000000e+01 1.500000000000000000e+01 -3.532461360075782864e+01
-5.000000000000000000e+00 1.500000000000000000e+01 -3.628386203609311877e+01
0.000000000000000000e+00 1.500000000000000000e+01 -3.727013609656157200e+01
5.000000000000000000e+00 1.500000000000000000e+01 -3.828847084410683976e+01
1.000000000000000000e+01 1.500000000000000000e+01 -3.934390134067259481e+01
1.500000000000000000e+01 1.500000000000000000e+01 -4.044146264820227543e+01
2.000000000000000000e+01 1.500000000000000000e+01 -4.158618982863994518e+01
2.500000000000000000e+01 1.500000000000000000e+01 -4.278311794392909917e+01
-2.500000000000000000e+01 2.000000000000000000e+01 -3.390968258447066574e+01
-2.000000000000000000e+01 2.000000000000000000e+01 -3.481789188781367272e+01
-1.500000000000000000e+01 2.000000000000000000e+01 -3.573841725779610101e+01
-1.000000000000000000e+01 2.000000000000000000e+01 -3.667618953716519314e+01
-5.000000000000000000e+00 2.000000000000000000e+01 -3.763613956866889509e+01
0.000000000000000000e+00 2.000000000000000000e+01 -3.862319819505442808e+01
5.000000000000000000e+00 2.000000000000000000e+01 -3.964229625906932597e+01
1.000000000000000000e+01 2.000000000000000000e+01 -4.069836460346104445e+01
1.500000000000000000e+01 2.000000000000000000e+01 -4.179633407097683317e+01
2.000000000000000000e+01 2.000000000000000000e+01 -4.294113550436464521e+01
2.500000000000000000e+01 2.000000000000000000e+01 -4.413769974637172311e+01
-2.500000000000000000e+01 2.500000000000000000e+01 -3.533886851761797487e+01
-2.000000000000000000e+01 2.500000000000000000e+01 -3.624711832904777964e+01
-1.500000000000000000e+01 2.500000000000000000e+01 -3.716811318967891964e+01
-1.000000000000000000e+01 2.500000000000000000e+01 -3.810666894776194624e+01
-5.000000000000000000e+00 2.500000000000000000e+01 -3.906760145154815689e+01
0.000000000000000000e+00 2.500000000000000000e+01 -4.005572654928815979e+01
5.000000000000000000e+00 2.500000000000000000e+01 -4.107586008923279053e+01
1.000000000000000000e+01 2.500000000000000000e+01 -4.213281791963288470e+01
1.500000000000000000e+01 2.500000000000000000e+01 -4.323141588873902208e+01
2.000000000000000000e+01 2.500000000000000000e+01 -4.437646984480252854e+01
2.500000000000000000e+01 2.500000000000000000e+01 -4.557279563607396966e+01
