-2.500000000000000000e+01 -2.500000000000000000e+01 -2.782326328148573680e+01
-2.000000000000000000e+01 -2.500000000000000000e+01 -2.883892589856000654e+01
-1.500000000000000000e+01 -2.500000000000000000e+01 -2.989114384650435596e+01
-1.000000000000000000e+01 -2.500000000000000000e+01 -3.098548743942635042e+01
-5.000000000000000000e+00 -2.500000000000000000e+01 -3.212752699143350554e+01
0.000000000000000000e+00 -2.500000000000000000e+01 -3.332283281663409014e+01
5.000000000000000000e+00 -2.500000000000000000e+01 -3.457697522913563404e+01
1.000000000000000000e+01 -2.500000000000000000e+01 -3.589552454304559603e+01
1.500000000000000000e+01 -2.500000000000000000e+01 -3.728405107247233730e+01
2.000000000000000000e+01 -2.500000000000000000e+01 -3.874812513152335924e+01
2.500000000000000000e+01 -2.500000000000000000e+01 -4.029331703430607803e+01
-2.500000000000000000e+01 -2.000000000000000000e+01 -2.845611524164955597e+01
-2.000000000000000000e+01 -2.000000000000000000e+01 -2.947066185209909861e+01
-1.500000000000000000e+01 -2.000000000000000000e+01 -3.052178361405368889e+01
-1.000000000000000000e+01 -2.000000000000000000e+01 -3.161502446004339362e+01
-5.000000000000000000e+00 -2.000000000000000000e+01 -3.275592832259818721e+01
0.000000000000000000e+00 -2.000000000000000000e+01 -3.395003913424883990e+01
5.000000000000000000e+00 -2.000000000000000000e+01 -3.520290082752538297e+01
1.000000000000000000e+01 -2.000000000000000000e+01 -3.652005733495775530e+01
1.500000000000000000e+01 -2.000000000000000000e+01 -3.790705258907679109e+01
2.000000000000000000e+01 -2.000000000000000000e+01 -3.936943052241248608e+01
2.500000000000000000e+01 -2.000000000000000000e+01 -4.091273506749474365e+01
-2.500000000000000000e+01 -1.500000000000000000e+01 -2.915727973913905657e+01
-2.000000000000000000e+01 -1.500000000000000000e+01 -3.017083593939885588e+01
-1.500000000000000000e+01 -1.500000000000000000e+01 -3.122097851109406008e+01
-1.000000000000000000e+01 -1.500000000000000000e+01 -3.231321945603495038e+01
-5.000000000000000000e+00 -1.500000000000000000e+01 -3.345307077603175117e+01
0.000000000000000000e+00 -1.500000000000000000e+01 -3.464604447289543998e+01
5.000000000000000000e+00 -1.500000000000000000e+01 -3.589765254843625542e+01
1.000000000000000000e+01 -1.500000000000000000e+01 -3.721340700446439342e+01
1.500000000000000000e+01 -1.500000000000000000e+01 -3.859881984279090261e+01
2.000000000000000000e+01 -1.500000000000000000e+01 -4.005940306522600025e+01
2.500000000000000000e+01 -1.500000000000000000e+01 -4.160066867357981835e+01
-2.500000000000000000e+01 -1.000000000000000000e+01 -2.992788815882046549e+01
-2.000000000000000000e+01 -1.000000000000000000e+01 -3.094059462933925175e+01
-1.500000000000000000e+01 -1.000000000000000000e+01 -3.198988904040405856e+01
-1.000000000000000000e+01 -1.000000000000000000e+01 -3.308124538716930374e+01
-5.000000000000000000e+00 -1.000000000000000000e+01 -3.422013766478933405e+01
0.000000000000000000e+00 -1.000000000000000000e+01 -3.541203986841927787e+01
5.000000000000000000e+00 -1.000000000000000000e+01 -3.666242599321351037e+01
1.000000000000000000e+01 -1.000000000000000000e+01 -3.797677003432635701e+01
1.500000000000000000e+01 -1.000000000000000000e+01 -3.936054598691300299e+01
2.000000000000000000e+01 -1.000000000000000000e+01 -4.081922784612778088e+01
2.500000000000000000e+01 -1.000000000000000000e+01 -4.235828960712500191e+01
-2.500000000000000000e+01 -5.000000000000000000e+00 -3.076907188555952644e+01
-2.000000000000000000e+01 -5.000000000000000000e+00 -3.178108439079977643e+01
-1.500000000000000000e+01 -5.000000000000000000e+00 -3.282967570476180441e+01
-1.000000000000000000e+01 -5.000000000000000000e+00 -3.392027521321422512e+01
-5.000000000000000000e+00 -5.000000000000000000e+00 -3.505831230192561776e+01
0.000000000000000000e+00 -5.000000000000000000e+00 -3.624921635666532893e+01
5.000000000000000000e+00 -5.000000000000000000e+00 -3.749841676320193784e+01
1.000000000000000000e+01 -5.000000000000000000e+00 -3.881134290730399528e+01
1.500000000000000000e+01 -5.000000000000000000e+00 -4.019342417474091889e+01
2.000000000000000000e+01 -5.000000000000000000e+00 -4.165008995128125235e+01
2.500000000000000000e+01 -5.000000000000000000e+00 -4.318676962269351094e+01
-2.500000000000000000e+01 0.000000000000000000e+00 -3.168196230422250181e+01
-2.000000000000000000e+01 0.000000000000000000e+00 -3.269345169266044593e+01
-1.500000000000000000e+01 0.000000000000000000e+00 -3.374149900694590798e+01
-1.000000000000000000e+01 0.000000000000000000e+00 -3.483148189393800465e+01
-5.000000000000000000e+00 0.000000000000000000e+00 -3.596877800049578155e+01
0.000000000000000000e+00 0.000000000000000000e+00 -3.715876497347903040e+01
5.000000000000000000e+00 0.000000000000000000e+00 -3.840682045974683234e+01
1.000000000000000000e+01 0.000000000000000000e+00 -3.971832210615820458e+01
1.500000000000000000e+01 0.000000000000000000e+00 -4.109864755957302407e+01
2.000000000000000000e+01 0.000000000000000000e+00 -4.255317446685032223e+01
2.500000000000000000e+01 0.000000000000000000e+00 -4.408728047484907364e+01
-2.500000000000000000e+01 5.000000000000000000e+00 -3.266769079967524902e+01
-2.000000000000000000e+01 5.000000000000000000e+00 -3.367884300380087126e+01
-1.500000000000000000e+01 5.000000000000000000e+00 -3.472651944973463856e+01
-1.000000000000000000e+01 5.000000000000000000e+00 -3.581603838910857007e+01
-5.000000000000000000e+00 5.000000000000000000e+00 -3.695271807355462101e+01
0.000000000000000000e+00 5.000000000000000000e+00 -3.814187675470547134e+01
5.000000000000000000e+00 5.000000000000000000e+00 -3.938883268419310468e+01
1.000000000000000000e+01 5.000000000000000000e+00 -4.069890411364945493e+01
1.500000000000000000e+01 5.000000000000000000e+00 -4.207740929470726599e+01
2.000000000000000000e+01 5.000000000000000000e+00 -4.352966647899850727e+01
2.500000000000000000e+01 5.000000000000000000e+00 -4.506099391815503452e+01
-2.500000000000000000e+01 1.000000000000000000e+01 -3.372738875678361836e+01
-2.000000000000000000e+01 1.000000000000000000e+01 -3.473840479310062079e+01
-1.500000000000000000e+01 1.000000000000000000e+01 -3.578589753590618017e+01
-1.000000000000000000e+01 1.000000000000000000e+01 -3.687511765849375678e+01
-5.000000000000000000e+00 1.000000000000000000e+01 -3.801131583415686066e+01
0.000000000000000000e+00 1.000000000000000000e+01 -3.919974273618965555e+01
5.000000000000000000e+00 1.000000000000000000e+01 -4.044564903788561594e+01
1.000000000000000000e+01 1.000000000000000000e+01 -4.175428541253818082e+01
1.500000000000000000e+01 1.000000000000000000e+01 -4.313090253344159208e+01
2.000000000000000000e+01 1.000000000000000000e+01 -4.458075107388930292e+01
2.500000000000000000e+01 1.000000000000000000e+01 -4.610908170717467414e+01
-2.500000000000000000e+01 1.500000000000000000e+01 -3.486218756041392197e+01
-2.000000000000000000e+01 1.500000000000000000e+01 -3.587328352943978160e+01
-1.500000000000000000e+01 1.500000000000000000e+01 -3.692079376823919290e+01
-1.000000000000000000e+01 1.500000000000000000e+01 -3.800989266186196858e+01
-5.000000000000000000e+00 1.500000000000000000e+01 -3.914575459535777924e+01
0.000000000000000000e+00 1.500000000000000000e+01 -4.033355395377714103e+01
5.000000000000000000e+00 1.500000000000000000e+01 -4.157846512216974588e+01
1.000000000000000000e+01 1.500000000000000000e+01 -4.288566248558532124e+01
1.500000000000000000e+01 1.500000000000000000e+01 -4.426032042907441166e+01
2.000000000000000000e+01 1.500000000000000000e+01 -4.570761333768668777e+01
2.500000000000000000e+01 1.500000000000000000e+01 -4.723271559647182016e+01
-2.500000000000000000e+01 2.000000000000000000e+01 -3.607321859543177567e+01
-2.000000000000000000e+01 2.000000000000000000e+01 -3.708462568169770890e+01
-1.500000000000000000e+01 2.000000000000000000e+01 -3.813236864951171867e+01
-1.000000000000000000e+01 2.000000000000000000e+01 -3.922153635898082769e+01
-5.000000000000000000e+00 2.000000000000000000e+01 -4.035721767021192363e+01
0.000000000000000000e+00 2.000000000000000000e+01 -4.154450144331272554e+01
5.000000000000000000e+00 2.000000000000000000e+01 -4.278847653839016374e+01
1.000000000000000000e+01 2.000000000000000000e+01 -4.409423181555115434e+01
1.500000000000000000e+01 2.000000000000000000e+01 -4.546685613490345190e+01
2.000000000000000000e+01 2.000000000000000000e+01 -4.691143835655395833e+01
2.500000000000000000e+01 2.000000000000000000e+01 -4.843306734060956131e+01
-2.500000000000000000e+01 2.500000000000000000e+01 -3.736161324670359107e+01
-2.000000000000000000e+01 2.500000000000000000e+01 -3.837357771875456791e+01
-1.500000000000000000e+01 2.500000000000000000e+01 -3.942178268250252415e+01
-1.000000000000000000e+01 2.500000000000000000e+01 -4.051122170961878055e+01
-5.000000000000000000e+00 2.500000000000000000e+01 -4.164688837177460101e+01
0.000000000000000000e+00 2.500000000000000000e+01 -4.283377624064202394e+01
5.000000000000000000e+00 2.500000000000000000e+01 -4.407687888789229902e+01
1.000000000000000000e+01 2.500000000000000000e+01 -4.538118988519666175e+01
1.500000000000000000e+01 2.500000000000000000e+01 -4.675170280422720737e+01
2.000000000000000000e+01 2.500000000000000000e+01 -4.819341121665517846e+01
2.500000000000000000e+01 2.500000000000000000e+01 -4.971130869415175368e+01
